"Time (ps)"	"Counts per bin"
0	20418595
100	0
200	0
300	0
400	0
500	0
600	0
700	0
800	0
900	0
1000	0
1100	0
1200	0
1300	0
1400	0
1500	0
1600	0
1700	0
1800	0
1900	0
2000	0
2100	0
2200	0
2300	0
2400	0
2500	0
2600	0
2700	0
2800	0
2900	0
3000	0
3100	0
3200	0
3300	0
3400	0
3500	0
3600	0
3700	0
3800	0
3900	0
4000	0
4100	0
4200	0
4300	0
4400	0
4500	0
4600	0
4700	0
4800	0
4900	0
5000	0
5100	0
5200	0
5300	0
5400	0
5500	0
5600	0
5700	0
5800	2
5900	113
6000	336
6100	374
6200	377
6300	366
6400	388
6500	386
6600	395
6700	390
6800	378
6900	350
7000	404
7100	393
7200	413
7300	396
7400	404
7500	434
7600	433
7700	415
7800	420
7900	385
8000	381
8100	305
8200	276
8300	184
8400	180
8500	165
8600	111
8700	105
8800	84
8900	71
9000	75
9100	58
9200	63
9300	67
9400	66
9500	41
9600	45
9700	47
9800	48
9900	46
10000	39
10100	38
10200	57
10300	67
10400	48
10500	51
10600	46
10700	61
10800	67
10900	70
11000	75
11100	72
11200	71
11300	84
11400	102
11500	113
11600	128
11700	142
11800	176
11900	149
12000	192
12100	210
12200	235
12300	289
12400	273
12500	314
12600	367
12700	402
12800	421
12900	481
13000	480
13100	561
13200	632
13300	678
13400	630
13500	662
13600	735
13700	806
13800	837
13900	899
14000	871
14100	951
14200	917
14300	971
14400	1035
14500	1111
14600	1158
14700	1167
14800	1199
14900	1237
15000	1345
15100	1309
15200	1417
15300	1404
15400	1536
15500	1473
15600	1539
15700	1611
15800	1563
15900	1574
16000	1573
16100	1638
16200	1706
16300	1765
16400	1858
16500	1763
16600	1910
16700	1848
16800	1823
16900	1896
17000	1904
17100	1918
17200	1974
17300	2019
17400	1965
17500	2057
17600	1998
17700	2227
17800	2091
17900	2048
18000	2034
18100	2158
18200	2171
18300	2088
18400	2145
18500	2137
18600	2188
18700	2253
18800	2311
18900	2211
19000	2205
19100	2320
19200	2291
19300	2419
19400	2403
19500	2296
19600	2430
19700	2435
19800	2388
19900	2386
20000	2481
20100	2483
20200	2455
20300	2619
20400	2524
20500	2589
20600	2517
20700	2492
20800	2469
20900	2597
21000	2528
21100	2555
21200	2596
21300	2515
21400	2486
21500	2572
21600	2552
21700	2551
21800	2472
21900	2419
22000	2562
22100	2521
22200	2493
22300	2532
22400	2513
22500	2543
22600	2620
22700	2510
22800	2639
22900	2477
23000	2612
23100	2612
23200	2587
23300	2580
23400	2584
23500	2635
23600	2671
23700	2557
23800	2606
23900	2560
24000	2622
24100	2643
24200	2608
24300	2762
24400	2689
24500	2729
24600	2790
24700	2768
24800	2801
24900	2827
25000	2882
25100	2886
25200	3009
25300	3017
25400	2996
25500	2921
25600	3000
25700	2996
25800	3116
25900	3017
26000	3139
26100	3316
26200	3458
26300	3718
26400	4040
26500	4409
26600	4820
26700	5182
26800	5454
26900	5402
27000	5240
27100	4821
27200	4313
27300	3780
27400	3514
27500	3270
27600	3095
27700	2822
27800	2805
27900	2801
28000	2677
28100	2760
28200	2695
28300	2777
28400	2584
28500	2763
28600	2635
28700	2778
28800	2704
28900	2720
29000	2794
29100	2747
29200	2707
29300	2754
29400	2680
29500	2645
29600	2670
29700	2721
29800	2603
29900	2644
30000	2748
30100	2751
30200	2646
30300	2722
30400	2595
30500	2691
30600	2684
30700	2818
30800	2623
30900	2763
31000	2765
31100	2824
31200	2741
31300	2814
31400	2771
31500	2829
31600	2779
31700	2781
31800	2812
31900	2749
32000	2717
32100	2755
32200	2742
32300	2711
32400	2643
32500	2777
32600	2695
32700	2720
32800	2702
32900	2765
33000	2744
33100	2707
33200	2655
33300	2715
33400	2731
33500	2596
33600	2704
33700	2752
33800	2746
33900	2753
34000	2713
34100	2754
34200	2657
34300	2601
34400	2655
34500	2626
34600	2674
34700	2745
34800	2648
34900	2668
35000	2755
35100	2715
35200	2673
35300	2665
35400	2759
35500	2748
35600	2733
35700	2729
35800	2786
35900	2669
36000	2848
36100	2743
36200	2716
36300	2803
36400	2789
36500	2781
36600	2818
36700	2708
36800	2700
36900	2759
37000	2778
37100	2773
37200	2705
37300	2763
37400	2741
37500	2681
37600	2797
37700	2761
37800	2726
37900	2723
38000	2834
38100	2750
38200	2797
38300	2735
38400	2797
38500	2778
38600	2854
38700	2717
38800	2772
38900	2756
39000	2876
39100	2785
39200	2780
39300	2730
39400	2779
39500	2793
39600	2890
39700	2869
39800	2891
39900	2895
40000	2822
40100	2860
40200	2713
40300	2867
40400	2912
40500	2762
40600	2771
40700	2795
40800	2890
40900	2881
41000	2896
41100	2949
41200	2908
41300	2735
41400	2908
41500	2822
41600	2940
41700	2850
41800	2826
41900	2827
42000	2897
42100	2839
42200	2910
42300	2795
42400	2827
42500	2868
42600	2845
42700	2848
42800	2834
42900	2844
43000	2966
43100	2835
43200	2773
43300	2812
43400	2793
43500	2912
43600	2798
43700	2794
43800	2772
43900	2792
44000	2804
44100	2853
44200	2921
44300	2909
44400	2938
44500	2818
44600	2849
44700	2862
44800	2961
44900	2858
45000	2886
45100	2863
45200	2800
45300	2892
45400	2855
45500	2916
45600	2883
45700	2960
45800	2947
45900	2917
46000	2937
46100	2920
46200	2960
46300	3001
46400	2963
46500	3012
46600	3006
46700	2957
46800	3038
46900	2945
47000	2918
47100	2946
47200	2944
47300	2954
47400	2938
47500	3056
47600	3016
47700	2952
47800	2985
47900	3027
48000	3094
48100	3069
48200	3009
48300	2988
48400	2985
48500	3043
48600	3052
48700	3018
48800	3014
48900	3059
49000	3175
49100	3142
49200	3065
49300	3078
49400	3004
49500	2993
49600	3051
49700	3082
49800	3023
49900	3057
50000	3021
50100	3090
50200	3177
50300	3103
50400	3190
50500	3157
50600	3174
50700	3080
50800	3158
50900	3148
51000	3262
51100	3270
51200	3221
51300	3238
51400	3294
51500	3380
51600	3390
51700	3346
51800	3474
51900	3479
52000	3546
52100	3668
52200	3582
52300	3534
52400	3612
52500	3522
52600	3715
52700	3720
52800	3692
52900	3866
53000	3965
53100	3890
53200	3919
53300	4008
53400	3959
53500	3996
53600	3969
53700	4048
53800	3964
53900	3963
54000	4004
54100	3856
54200	3832
54300	3605
54400	3690
54500	3658
54600	3552
54700	3482
54800	3367
54900	3449
55000	3252
55100	3319
55200	3193
55300	3053
55400	3174
55500	3018
55600	3096
55700	2970
55800	2967
55900	2998
56000	2992
56100	2929
56200	2887
56300	2822
56400	2915
56500	2846
56600	2960
56700	2859
56800	2867
56900	2834
57000	2910
57100	2948
57200	2815
57300	2821
57400	2863
57500	2791
57600	2834
57700	2878
57800	2857
57900	2814
58000	2819
58100	2832
58200	2825
58300	2804
58400	2892
58500	2823
58600	2856
58700	2833
58800	2776
58900	2854
59000	2711
59100	2844
59200	2823
59300	2726
59400	2748
59500	2689
59600	2821
59700	2728
59800	2765
59900	2840
60000	2765
60100	2752
60200	2822
60300	2772
60400	2827
60500	2705
60600	2758
60700	2819
60800	2842
60900	2786
61000	2738
61100	2824
61200	2791
61300	2819
61400	2752
61500	2788
61600	2773
61700	2756
61800	2793
61900	2772
62000	2800
62100	2761
62200	2806
62300	2851
62400	2736
62500	2782
62600	2867
62700	2831
62800	2721
62900	2842
63000	2848
63100	2849
63200	2859
63300	2739
63400	2725
63500	2775
63600	2799
63700	2840
63800	2791
63900	2821
64000	2895
64100	2814
64200	2776
64300	2812
64400	2908
64500	2901
64600	2822
64700	2868
64800	2875
64900	2914
65000	2827
65100	2909
65200	2899
65300	2785
65400	2910
65500	2916
65600	2933
65700	2852
65800	2845
65900	2829
66000	2837
66100	2857
66200	2772
66300	2824
66400	2771
66500	2876
66600	2847
66700	2801
66800	2740
66900	2882
67000	2768
67100	2735
67200	2763
67300	2898
67400	2756
67500	2845
67600	2767
67700	2832
67800	2702
67900	2804
68000	2817
68100	2737
68200	2815
68300	2755
68400	2762
68500	2794
68600	2748
68700	2793
68800	2759
68900	2818
69000	2786
69100	2880
69200	2969
69300	2845
69400	2897
69500	2749
69600	2797
69700	2878
69800	2800
69900	2845
70000	2765
70100	2845
70200	2747
70300	2926
70400	2795
70500	2740
70600	2855
70700	2852
70800	2788
70900	2842
71000	2716
71100	2884
71200	2789
71300	2718
71400	2708
71500	2833
71600	2832
71700	2722
71800	2790
71900	2814
72000	2845
72100	2775
72200	2784
72300	2743
72400	2793
72500	2815
72600	2705
72700	2731
72800	2791
72900	2812
73000	2752
73100	2755
73200	2708
73300	2702
73400	2851
73500	2843
73600	2744
73700	2780
73800	2793
73900	2852
74000	2732
74100	2710
74200	2770
74300	2779
74400	2776
74500	2619
74600	2853
74700	2747
74800	2726
74900	2854
75000	2806
75100	2719
75200	2850
75300	2726
75400	2735
75500	2705
75600	2825
75700	2746
75800	2723
75900	2747
76000	2791
76100	2701
76200	2749
76300	2725
76400	2781
76500	2871
76600	2798
76700	2818
76800	2750
76900	2664
77000	2660
77100	2889
77200	2765
77300	2759
77400	2794
77500	2728
77600	2821
77700	2779
77800	2806
77900	2688
78000	2746
78100	2749
78200	2707
78300	2776
78400	2760
78500	2783
78600	2758
78700	2679
78800	2727
78900	2709
79000	2722
79100	2831
79200	2709
79300	2731
79400	2835
79500	2759
79600	2758
79700	2686
79800	2746
79900	2685
80000	2724
80100	2637
80200	2741
80300	2705
80400	2764
80500	2696
80600	2819
80700	2779
80800	2798
80900	2787
81000	2716
81100	2809
81200	2603
81300	2766
81400	2776
81500	2786
81600	2817
81700	2722
81800	2811
81900	2828
82000	2756
82100	2781
82200	2837
82300	2792
82400	2911
82500	2773
82600	2824
82700	2806
82800	2813
82900	2782
83000	2761
83100	2772
83200	2692
83300	2785
83400	2703
83500	2742
83600	2781
83700	2825
83800	2791
83900	2782
84000	2725
84100	2797
84200	2754
84300	2879
84400	2810
84500	2781
84600	2798
84700	2818
84800	2887
84900	2764
85000	2778
85100	2827
85200	2811
85300	2780
85400	2805
85500	2839
85600	2797
85700	2731
85800	2854
85900	2851
86000	2808
86100	2738
86200	2812
86300	2795
86400	2809
86500	2764
86600	2884
86700	2824
86800	2814
86900	2877
87000	2813
87100	2774
87200	2826
87300	2834
87400	2846
87500	2736
87600	2851
87700	2980
87800	2896
87900	2768
88000	2839
88100	2840
88200	2703
88300	2746
88400	2808
88500	2929
88600	2918
88700	2784
88800	2821
88900	2849
89000	2844
89100	2696
89200	2797
89300	2670
89400	2793
89500	2818
89600	2810
89700	2792
89800	2759
89900	2787
90000	2724
90100	2797
90200	2803
90300	2833
90400	2857
90500	2823
90600	2747
90700	2784
90800	2774
90900	2880
91000	2751
91100	2780
91200	2681
91300	2891
91400	2861
91500	2829
91600	2858
91700	2858
91800	2885
91900	2786
92000	2806
92100	2817
92200	2771
92300	2852
92400	2771
92500	2856
92600	2835
92700	2862
92800	2871
92900	2848
93000	2774
93100	2792
93200	2879
93300	2842
93400	2829
93500	2715
93600	2881
93700	2929
93800	2802
93900	2901
94000	2839
94100	2843
94200	2871
94300	2922
94400	2847
94500	2792
94600	2841
94700	2918
94800	2903
94900	2961
95000	2878
95100	2836
95200	2797
95300	2810
95400	2819
95500	2912
95600	2957
95700	2754
95800	2922
95900	3061
96000	2895
96100	2830
96200	2862
96300	2947
96400	2897
96500	2868
96600	2820
96700	2981
96800	2906
96900	2996
97000	2889
97100	2981
97200	2906
97300	2919
97400	2933
97500	2804
97600	2981
97700	2926
97800	2928
97900	2921
98000	2934
98100	2967
98200	2870
98300	2982
98400	2877
98500	2922
98600	3012
98700	2981
98800	2899
98900	3047
99000	2921
99100	2885
99200	2960
99300	2862
99400	2872
99500	3006
99600	2948
99700	2940
99800	2838
99900	2888
