"Time (ps)"	"Counts per bin"
0	6560395
100	0
200	0
300	0
400	0
500	0
600	0
700	0
800	0
900	0
1000	0
1100	0
1200	0
1300	0
1400	0
1500	0
1600	0
1700	0
1800	0
1900	0
2000	0
2100	0
2200	0
2300	0
2400	0
2500	0
2600	0
2700	0
2800	0
2900	0
3000	0
3100	0
3200	0
3300	0
3400	0
3500	0
3600	0
3700	0
3800	0
3900	0
4000	0
4100	0
4200	0
4300	0
4400	0
4500	0
4600	0
4700	0
4800	0
4900	0
5000	0
5100	0
5200	0
5300	0
5400	0
5500	0
5600	0
5700	0
5800	0
5900	4
6000	5
6100	8
6200	15
6300	8
6400	11
6500	8
6600	15
6700	13
6800	15
6900	4
7000	6
7100	10
7200	7
7300	7
7400	10
7500	9
7600	10
7700	3
7800	5
7900	10
8000	1
8100	3
8200	2
8300	3
8400	2
8500	0
8600	3
8700	1
8800	0
8900	0
9000	0
9100	1
9200	0
9300	0
9400	0
9500	0
9600	0
9700	0
9800	0
9900	0
10000	0
10100	0
10200	0
10300	0
10400	0
10500	0
10600	0
10700	0
10800	0
10900	0
11000	0
11100	0
11200	0
11300	0
11400	0
11500	0
11600	0
11700	0
11800	0
11900	0
12000	0
12100	0
12200	0
12300	0
12400	0
12500	0
12600	0
12700	1
12800	0
12900	0
13000	1
13100	0
13200	0
13300	0
13400	0
13500	0
13600	0
13700	0
13800	0
13900	1
14000	1
14100	0
14200	0
14300	0
14400	0
14500	0
14600	2
14700	1
14800	0
14900	0
15000	0
15100	1
15200	0
15300	0
15400	0
15500	1
15600	1
15700	0
15800	0
15900	0
16000	0
16100	0
16200	0
16300	0
16400	1
16500	1
16600	0
16700	1
16800	0
16900	0
17000	0
17100	1
17200	0
17300	1
17400	0
17500	1
17600	1
17700	0
17800	0
17900	1
18000	0
18100	1
18200	0
18300	0
18400	0
18500	1
18600	0
18700	0
18800	3
18900	0
19000	0
19100	0
19200	1
19300	1
19400	1
19500	0
19600	1
19700	0
19800	1
19900	1
20000	1
20100	2
20200	2
20300	5
20400	2
20500	3
20600	2
20700	0
20800	4
20900	0
21000	2
21100	5
21200	2
21300	2
21400	3
21500	4
21600	3
21700	1
21800	3
21900	5
22000	5
22100	6
22200	5
22300	1
22400	4
22500	1
22600	4
22700	1
22800	5
22900	8
23000	2
23100	6
23200	3
23300	8
23400	11
23500	6
23600	5
23700	9
23800	4
23900	9
24000	11
24100	8
24200	7
24300	10
24400	9
24500	8
24600	13
24700	5
24800	15
24900	9
25000	10
25100	17
25200	9
25300	9
25400	9
25500	12
25600	24
25700	14
25800	13
25900	22
26000	20
26100	17
26200	21
26300	30
26400	23
26500	21
26600	20
26700	23
26800	29
26900	23
27000	18
27100	24
27200	21
27300	31
27400	27
27500	35
27600	38
27700	25
27800	41
27900	38
28000	41
28100	37
28200	47
28300	33
28400	43
28500	39
28600	36
28700	42
28800	43
28900	50
29000	50
29100	51
29200	44
29300	42
29400	52
29500	42
29600	48
29700	64
29800	59
29900	52
30000	56
30100	59
30200	62
30300	72
30400	58
30500	63
30600	65
30700	63
30800	70
30900	65
31000	67
31100	67
31200	80
31300	75
31400	84
31500	65
31600	75
31700	77
31800	80
31900	82
32000	75
32100	76
32200	67
32300	76
32400	79
32500	77
32600	91
32700	78
32800	90
32900	92
33000	86
33100	77
33200	93
33300	86
33400	102
33500	99
33600	98
33700	95
33800	86
33900	96
34000	99
34100	113
34200	86
34300	93
34400	130
34500	96
34600	103
34700	110
34800	108
34900	85
35000	104
35100	114
35200	91
35300	101
35400	110
35500	112
35600	100
35700	109
35800	107
35900	106
36000	96
36100	125
36200	120
36300	132
36400	114
36500	132
36600	118
36700	124
36800	113
36900	133
37000	135
37100	128
37200	147
37300	116
37400	94
37500	140
37600	136
37700	130
37800	133
37900	129
38000	125
38100	148
38200	152
38300	136
38400	131
38500	123
38600	136
38700	147
38800	129
38900	143
39000	140
39100	158
39200	124
39300	149
39400	162
39500	155
39600	149
39700	146
39800	147
39900	181
40000	140
40100	179
40200	175
40300	173
40400	159
40500	168
40600	174
40700	156
40800	180
40900	153
41000	175
41100	158
41200	195
41300	174
41400	189
41500	161
41600	169
41700	159
41800	173
41900	190
42000	190
42100	178
42200	180
42300	177
42400	179
42500	189
42600	183
42700	162
42800	193
42900	177
43000	186
43100	184
43200	181
43300	174
43400	172
43500	179
43600	193
43700	190
43800	192
43900	193
44000	186
44100	183
44200	173
44300	195
44400	196
44500	195
44600	183
44700	207
44800	186
44900	205
45000	202
45100	193
45200	192
45300	209
45400	191
45500	251
45600	210
45700	193
45800	205
45900	179
46000	203
46100	196
46200	223
46300	216
46400	193
46500	191
46600	229
46700	229
46800	228
46900	201
47000	227
47100	196
47200	231
47300	209
47400	223
47500	241
47600	224
47700	235
47800	206
47900	201
48000	220
48100	236
48200	257
48300	190
48400	218
48500	211
48600	262
48700	232
48800	233
48900	225
49000	216
49100	213
49200	238
49300	240
49400	246
49500	211
49600	226
49700	211
49800	232
49900	233
50000	240
50100	192
50200	232
50300	243
50400	237
50500	239
50600	250
50700	233
50800	243
50900	243
51000	277
51100	233
51200	260
51300	241
51400	246
51500	247
51600	240
51700	261
51800	224
51900	251
52000	236
52100	259
52200	240
52300	232
52400	237
52500	237
52600	229
52700	236
52800	239
52900	270
53000	264
53100	255
53200	278
53300	269
53400	276
53500	252
53600	250
53700	239
53800	283
53900	243
54000	243
54100	237
54200	254
54300	282
54400	255
54500	267
54600	242
54700	265
54800	253
54900	251
55000	250
55100	281
55200	261
55300	279
55400	257
55500	230
55600	269
55700	267
55800	226
55900	225
56000	249
56100	244
56200	245
56300	245
56400	274
56500	275
56600	267
56700	235
56800	268
56900	257
57000	248
57100	285
57200	225
57300	265
57400	253
57500	240
57600	292
57700	264
57800	254
57900	277
58000	280
58100	280
58200	264
58300	277
58400	284
58500	264
58600	247
58700	250
58800	272
58900	288
59000	239
59100	289
59200	276
59300	293
59400	221
59500	293
59600	278
59700	294
59800	284
59900	253
60000	251
60100	245
60200	253
60300	279
60400	288
60500	300
60600	291
60700	267
60800	258
60900	278
61000	296
61100	314
61200	272
61300	251
61400	249
61500	282
61600	270
61700	262
61800	283
61900	232
62000	255
62100	260
62200	276
62300	303
62400	282
62500	270
62600	275
62700	268
62800	274
62900	286
63000	299
63100	292
63200	281
63300	301
63400	256
63500	294
63600	263
63700	277
63800	296
63900	303
64000	303
64100	291
64200	246
64300	268
64400	280
64500	261
64600	298
64700	286
64800	284
64900	273
65000	302
65100	260
65200	280
65300	262
65400	257
65500	328
65600	277
65700	266
65800	283
65900	242
66000	292
66100	316
66200	294
66300	278
66400	289
66500	280
66600	288
66700	278
66800	248
66900	300
67000	271
67100	259
67200	294
67300	299
67400	286
67500	306
67600	275
67700	262
67800	267
67900	291
68000	295
68100	286
68200	293
68300	273
68400	281
68500	283
68600	272
68700	282
68800	282
68900	299
69000	292
69100	273
69200	263
69300	286
69400	287
69500	288
69600	303
69700	300
69800	286
69900	266
70000	276
70100	275
70200	255
70300	285
70400	257
70500	301
70600	281
70700	313
70800	285
70900	284
71000	308
71100	280
71200	313
71300	286
71400	296
71500	267
71600	300
71700	283
71800	294
71900	278
72000	293
72100	286
72200	292
72300	296
72400	286
72500	276
72600	281
72700	294
72800	272
72900	271
73000	269
73100	301
73200	261
73300	291
73400	275
73500	287
73600	265
73700	276
73800	262
73900	273
74000	259
74100	296
74200	305
74300	295
74400	298
74500	308
74600	294
74700	306
74800	298
74900	278
75000	282
75100	287
75200	300
75300	256
75400	321
75500	265
75600	290
75700	263
75800	280
75900	296
76000	309
76100	264
76200	272
76300	293
76400	269
76500	264
76600	310
76700	317
76800	278
76900	297
77000	285
77100	300
77200	298
77300	269
77400	297
77500	299
77600	299
77700	286
77800	288
77900	273
78000	261
78100	320
78200	285
78300	267
78400	275
78500	315
78600	277
78700	264
78800	270
78900	299
79000	293
79100	301
79200	279
79300	295
79400	280
79500	319
79600	293
79700	322
79800	314
79900	323
80000	288
80100	279
80200	302
80300	302
80400	289
80500	310
80600	288
80700	307
80800	281
80900	293
81000	309
81100	301
81200	275
81300	301
81400	284
81500	318
81600	279
81700	335
81800	334
81900	286
82000	292
82100	296
82200	314
82300	306
82400	306
82500	302
82600	299
82700	334
82800	288
82900	316
83000	322
83100	327
83200	331
83300	300
83400	337
83500	324
83600	269
83700	331
83800	285
83900	333
84000	329
84100	298
84200	317
84300	316
84400	341
84500	320
84600	302
84700	297
84800	319
84900	328
85000	334
85100	323
85200	316
85300	303
85400	312
85500	313
85600	321
85700	337
85800	328
85900	338
86000	318
86100	306
86200	336
86300	335
86400	343
86500	348
86600	350
86700	306
86800	330
86900	306
87000	336
87100	297
87200	320
87300	299
87400	303
87500	298
87600	305
87700	292
87800	321
87900	292
88000	298
88100	320
88200	303
88300	323
88400	315
88500	309
88600	288
88700	307
88800	340
88900	340
89000	297
89100	326
89200	321
89300	309
89400	307
89500	298
89600	319
89700	309
89800	322
89900	275
90000	302
90100	316
90200	312
90300	323
90400	285
90500	320
90600	335
90700	326
90800	333
90900	283
91000	302
91100	334
91200	300
91300	283
91400	318
91500	345
91600	324
91700	343
91800	322
91900	320
92000	285
92100	320
92200	340
92300	334
92400	329
92500	297
92600	290
92700	320
92800	318
92900	286
93000	300
93100	313
93200	311
93300	334
93400	332
93500	282
93600	315
93700	314
93800	310
93900	306
94000	298
94100	301
94200	311
94300	329
94400	279
94500	313
94600	326
94700	326
94800	332
94900	290
95000	303
95100	310
95200	328
95300	311
95400	335
95500	302
95600	308
95700	314
95800	284
95900	291
96000	315
96100	302
96200	306
96300	320
96400	321
96500	308
96600	295
96700	305
96800	280
96900	325
97000	324
97100	299
97200	295
97300	332
97400	297
97500	327
97600	331
97700	322
97800	317
97900	315
98000	323
98100	274
98200	283
98300	319
98400	314
98500	285
98600	301
98700	330
98800	331
98900	303
99000	295
99100	314
99200	305
99300	329
99400	267
99500	313
99600	274
99700	301
99800	319
99900	304
