"Time (ps)"	"Counts per bin"
0	24919421
100	0
200	0
300	0
400	0
500	0
600	0
700	0
800	0
900	0
1000	0
1100	0
1200	0
1300	0
1400	0
1500	0
1600	0
1700	0
1800	0
1900	0
2000	0
2100	0
2200	0
2300	0
2400	0
2500	0
2600	0
2700	0
2800	0
2900	0
3000	0
3100	0
3200	0
3300	0
3400	0
3500	0
3600	0
3700	0
3800	0
3900	0
4000	0
4100	0
4200	0
4300	0
4400	0
4500	0
4600	0
4700	0
4800	0
4900	0
5000	0
5100	0
5200	0
5300	0
5400	0
5500	0
5600	0
5700	0
5800	0
5900	386
6000	1177
6100	1209
6200	1240
6300	1306
6400	1375
6500	1355
6600	1462
6700	1440
6800	1512
6900	1563
7000	1636
7100	1712
7200	1708
7300	1809
7400	1905
7500	1978
7600	2176
7700	2218
7800	2324
7900	2371
8000	2350
8100	2370
8200	2384
8300	2268
8400	2167
8500	2165
8600	2207
8700	2020
8800	2016
8900	1947
9000	1922
9100	1868
9200	1839
9300	1798
9400	1821
9500	1759
9600	1727
9700	1734
9800	1808
9900	1803
10000	1872
10100	1899
10200	1914
10300	1891
10400	2013
10500	2134
10600	2110
10700	2246
10800	2420
10900	2506
11000	2746
11100	2884
11200	3010
11300	3236
11400	3300
11500	3498
11600	3563
11700	3691
11800	3762
11900	3891
12000	3971
12100	4103
12200	4176
12300	4165
12400	4310
12500	4390
12600	4552
12700	4706
12800	4736
12900	4804
13000	5024
13100	5158
13200	5384
13300	5469
13400	5413
13500	5744
13600	5702
13700	5653
13800	5871
13900	5829
14000	5961
14100	6043
14200	6258
14300	6227
14400	6520
14500	6678
14600	6738
14700	7181
14800	7213
14900	7456
15000	7562
15100	7978
15200	8166
15300	8223
15400	8511
15500	8454
15600	8671
15700	8655
15800	8539
15900	8533
16000	8421
16100	8442
16200	8489
16300	8323
16400	8227
16500	8116
16600	8115
16700	8067
16800	7882
16900	7727
17000	7582
17100	7379
17200	7475
17300	7300
17400	7189
17500	7074
17600	7007
17700	6775
17800	6758
17900	6648
18000	6528
18100	6736
18200	6637
18300	6643
18400	6616
18500	6775
18600	6648
18700	6932
18800	6969
18900	7039
19000	7124
19100	7199
19200	7282
19300	7223
19400	7479
19500	7697
19600	7944
19700	8021
19800	8381
19900	8513
20000	8648
20100	9164
20200	9466
20300	9620
20400	10010
20500	10355
20600	10637
20700	10717
20800	10891
20900	11177
21000	11500
21100	11731
21200	12199
21300	12795
21400	13595
21500	14199
21600	14568
21700	14786
21800	15075
21900	15438
22000	15173
22100	14983
22200	14673
22300	14308
22400	13773
22500	13463
22600	13164
22700	12433
22800	12213
22900	11664
23000	11447
23100	11081
23200	10700
23300	10419
23400	9957
23500	9772
23600	9503
23700	9351
23800	9105
23900	9023
24000	8907
24100	8775
24200	8949
24300	9332
24400	9537
24500	9711
24600	10140
24700	10899
24800	11556
24900	12325
25000	13017
25100	13969
25200	15027
25300	15632
25400	16308
25500	16351
25600	16482
25700	16565
25800	16519
25900	17434
26000	18574
26100	20991
26200	24285
26300	28905
26400	33667
26500	38681
26600	42243
26700	43911
26800	45408
26900	47101
27000	50607
27100	53853
27200	53141
27300	46187
27400	35201
27500	24266
27600	16257
27700	10884
27800	8251
27900	6618
28000	5928
28100	5433
28200	4899
28300	4556
28400	4408
28500	4287
28600	4058
28700	4108
28800	3977
28900	3940
29000	3968
29100	3802
29200	3876
29300	3816
29400	3688
29500	3667
29600	3852
29700	3743
29800	3692
29900	3705
30000	3645
30100	3611
30200	3710
30300	3570
30400	3647
30500	3695
30600	3732
30700	3711
30800	3622
30900	3865
31000	3687
31100	3712
31200	3895
31300	3916
31400	3971
31500	4179
31600	4078
31700	4033
31800	4173
31900	4141
32000	4042
32100	4160
32200	4107
32300	4092
32400	4029
32500	4104
32600	4061
32700	3987
32800	4125
32900	4139
33000	3923
33100	3954
33200	4008
33300	3933
33400	4006
33500	3955
33600	3992
33700	3947
33800	3946
33900	3829
34000	3912
34100	3772
34200	3930
34300	3966
34400	3981
34500	3969
34600	3852
34700	3941
34800	3935
34900	4000
35000	3940
35100	3867
35200	3920
35300	3939
35400	3833
35500	3869
35600	3899
35700	3959
35800	3967
35900	3980
36000	3969
36100	3912
36200	4176
36300	4222
36400	4251
36500	4269
36600	4439
36700	4378
36800	4602
36900	4692
37000	4739
37100	4924
37200	5202
37300	5175
37400	5298
37500	5698
37600	5671
37700	5782
37800	5912
37900	6114
38000	6094
38100	6314
38200	6442
38300	6631
38400	6791
38500	6800
38600	6860
38700	7023
38800	7228
38900	7213
39000	7397
39100	7504
39200	7632
39300	7607
39400	7529
39500	7418
39600	7337
39700	7225
39800	7094
39900	6840
40000	6714
40100	6546
40200	6364
40300	6030
40400	5893
40500	5691
40600	5634
40700	5507
40800	5506
40900	5368
41000	5100
41100	5054
41200	4914
41300	4945
41400	4825
41500	5000
41600	4942
41700	4824
41800	5017
41900	4998
42000	4919
42100	5015
42200	5080
42300	5211
42400	5342
42500	5268
42600	5288
42700	5511
42800	5553
42900	5542
43000	5724
43100	5641
43200	5780
43300	5715
43400	5802
43500	5840
43600	5905
43700	5887
43800	5902
43900	5985
44000	5975
44100	6078
44200	6021
44300	6157
44400	6085
44500	6255
44600	6240
44700	6445
44800	6410
44900	6507
45000	6520
45100	6751
45200	6740
45300	6759
45400	6866
45500	7127
45600	7099
45700	7357
45800	7614
45900	7730
46000	8086
46100	8545
46200	9033
46300	9323
46400	9978
46500	10604
46600	11281
46700	12255
46800	13110
46900	14272
47000	15288
47100	17029
47200	18301
47300	20521
47400	22703
47500	24544
47600	26660
47700	28811
47800	31384
47900	33441
48000	36017
48100	37952
48200	40502
48300	43173
48400	45683
48500	47998
48600	49997
48700	51991
48800	53528
48900	54532
49000	55740
49100	56609
49200	57043
49300	57537
49400	57409
49500	57046
49600	56043
49700	55900
49800	54834
49900	53709
50000	52375
50100	51051
50200	50157
50300	48841
50400	47533
50500	46781
50600	45958
50700	45352
50800	44235
50900	43797
51000	43655
51100	43044
51200	42900
51300	43218
51400	43294
51500	43331
51600	43999
51700	45068
51800	45596
51900	46362
52000	47346
52100	48002
52200	48255
52300	48726
52400	48803
52500	50163
52600	51521
52700	52830
52800	56722
52900	60330
53000	65683
53100	71567
53200	78355
53300	86520
53400	95737
53500	105458
53600	115968
53700	124284
53800	131829
53900	138747
54000	141598
54100	141741
54200	140111
54300	133850
54400	125837
54500	115178
54600	103591
54700	90586
54800	77546
54900	65679
55000	54211
55100	44311
55200	35460
55300	28269
55400	22313
55500	17481
55600	13600
55700	10976
55800	8721
55900	7143
56000	6071
56100	5467
56200	4972
56300	4577
56400	4395
56500	4129
56600	4082
56700	4132
56800	3930
56900	3885
57000	3847
57100	3976
57200	3839
57300	3905
57400	4011
57500	3831
57600	3926
57700	3974
57800	4004
57900	3882
58000	3915
58100	3884
58200	3987
58300	3966
58400	3966
58500	3909
58600	4086
58700	3923
58800	4037
58900	4000
59000	4005
59100	4029
59200	4037
59300	4058
59400	4084
59500	4160
59600	4146
59700	4321
59800	4161
59900	4309
60000	4200
60100	4346
60200	4284
60300	4446
60400	4335
60500	4386
60600	4590
60700	4606
60800	4622
60900	4535
61000	4692
61100	4841
61200	4718
61300	4872
61400	4958
61500	4842
61600	4989
61700	5065
61800	5096
61900	5383
62000	5506
62100	5489
62200	5658
62300	5722
62400	5756
62500	6140
62600	6290
62700	6522
62800	6904
62900	6902
63000	7210
63100	7656
63200	7971
63300	8313
63400	8602
63500	9209
63600	9551
63700	10107
63800	10415
63900	10894
64000	11498
64100	11926
64200	12570
64300	12745
64400	13103
64500	13614
64600	13663
64700	13884
64800	14311
64900	13899
65000	14022
65100	14072
65200	13748
65300	13410
65400	13028
65500	12549
65600	12272
65700	11883
65800	11323
65900	11020
66000	10384
66100	9978
66200	9592
66300	9224
66400	8909
66500	8779
66600	8456
66700	8191
66800	8045
66900	7852
67000	7893
67100	7641
67200	7430
67300	7493
67400	7377
67500	7076
67600	7241
67700	7243
67800	7197
67900	7174
68000	7085
68100	6990
68200	7134
68300	7262
68400	7111
68500	7289
68600	7386
68700	7255
68800	7305
68900	7315
69000	7233
69100	7245
69200	7214
69300	7414
69400	7209
69500	7137
69600	7202
69700	7278
69800	7251
69900	7285
70000	7176
70100	7250
70200	7149
70300	6985
70400	7071
70500	7072
70600	7154
70700	7017
70800	6917
70900	6915
71000	6951
71100	6950
71200	6741
71300	6831
71400	6905
71500	6869
71600	6725
71700	6761
71800	6599
71900	6634
72000	6641
72100	6540
72200	6417
72300	6365
72400	6336
72500	6243
72600	6315
72700	6159
72800	6041
72900	6037
73000	6012
73100	5929
73200	5835
73300	5710
73400	5746
73500	5674
73600	5743
73700	5473
73800	5644
73900	5508
74000	5514
74100	5356
74200	5190
74300	5110
74400	5011
74500	5015
74600	5024
74700	5066
74800	5083
74900	4933
75000	4849
75100	4859
75200	4830
75300	4812
75400	4897
75500	4802
75600	4805
75700	4801
75800	4836
75900	4741
76000	4718
76100	4756
76200	4735
76300	4562
76400	4757
76500	4794
76600	4738
76700	4783
76800	4737
76900	4712
77000	4666
77100	4641
77200	4616
77300	4550
77400	4593
77500	4522
77600	4605
77700	4577
77800	4547
77900	4366
78000	4414
78100	4449
78200	4439
78300	4435
78400	4369
78500	4319
78600	4339
78700	4323
78800	4363
78900	4325
79000	4283
79100	4251
79200	4225
79300	4173
79400	4213
79500	4326
79600	4225
79700	4349
79800	4206
79900	4213
80000	4194
80100	4226
80200	4221
80300	4318
80400	4198
80500	4396
80600	4282
80700	4363
80800	4256
80900	4133
81000	4300
81100	4173
81200	4309
81300	4332
81400	4309
81500	4232
81600	4390
81700	4292
81800	4437
81900	4315
82000	4520
82100	4459
82200	4347
82300	4310
82400	4424
82500	4427
82600	4535
82700	4569
82800	4550
82900	4378
83000	4422
83100	4496
83200	4523
83300	4647
83400	4513
83500	4512
83600	4736
83700	4680
83800	4623
83900	4692
84000	4665
84100	4636
84200	4647
84300	4700
84400	4782
84500	4907
84600	4843
84700	4814
84800	4938
84900	4933
85000	5141
85100	5008
85200	5186
85300	5220
85400	5250
85500	5240
85600	5439
85700	5422
85800	5714
85900	5820
86000	5816
86100	5903
86200	5995
86300	6207
86400	6462
86500	6548
86600	6740
86700	6970
86800	7087
86900	7355
87000	7458
87100	7639
87200	7802
87300	7798
87400	7961
87500	8082
87600	8067
87700	7946
87800	8052
87900	8220
88000	8060
88100	8079
88200	8079
88300	8101
88400	7896
88500	7922
88600	7832
88700	7759
88800	7659
88900	7529
89000	7513
89100	7449
89200	7234
89300	7158
89400	7084
89500	6923
89600	7112
89700	6988
89800	6912
89900	6820
90000	6867
90100	6758
90200	6788
90300	6576
90400	6527
90500	6681
90600	6566
90700	6659
90800	6623
90900	6687
91000	6819
91100	6716
91200	6692
91300	6824
91400	6783
91500	6934
91600	6866
91700	6906
91800	7059
91900	7184
92000	7052
92100	7273
92200	7228
92300	7222
92400	7226
92500	7454
92600	7513
92700	7503
92800	7537
92900	7584
93000	7595
93100	7596
93200	7634
93300	7690
93400	7827
93500	7773
93600	7764
93700	7771
93800	7715
93900	7770
94000	7902
94100	7954
94200	7715
94300	7835
94400	7938
94500	8088
94600	8058
94700	7815
94800	8008
94900	8030
95000	8008
95100	8187
95200	8146
95300	8236
95400	8324
95500	8119
95600	8598
95700	8543
95800	8329
95900	8529
96000	8473
96100	8552
96200	8563
96300	8711
96400	8848
96500	8587
96600	8815
96700	8813
96800	8856
96900	8947
97000	8971
97100	9029
97200	8809
97300	8861
97400	9040
97500	8949
97600	9118
97700	8965
97800	9091
97900	9139
98000	9121
98100	8932
98200	9022
98300	8996
98400	9052
98500	9019
98600	9007
98700	9184
98800	8877
98900	8981
99000	9173
99100	8948
99200	8982
99300	9024
99400	8883
99500	8816
99600	8893
99700	8691
99800	8871
99900	8748
