"Time (ps)"	"Counts per bin"
0	92465
100	0
200	0
300	0
400	0
500	0
600	0
700	0
800	0
900	0
1000	0
1100	0
1200	0
1300	0
1400	0
1500	0
1600	0
1700	0
1800	0
1900	0
2000	0
2100	0
2200	0
2300	0
2400	0
2500	0
2600	0
2700	0
2800	0
2900	0
3000	0
3100	0
3200	0
3300	0
3400	0
3500	0
3600	0
3700	0
3800	0
3900	0
4000	0
4100	0
4200	0
4300	0
4400	0
4500	0
4600	0
4700	0
4800	0
4900	0
5000	0
5100	0
5200	0
5300	0
5400	0
5500	0
5600	0
5700	0
5800	0
5900	0
6000	6
6100	4
6200	7
6300	2
6400	10
6500	11
6600	10
6700	12
6800	8
6900	10
7000	18
7100	23
7200	20
7300	33
7400	23
7500	31
7600	34
7700	38
7800	39
7900	29
8000	43
8100	45
8200	50
8300	58
8400	67
8500	76
8600	62
8700	77
8800	85
8900	94
9000	109
9100	85
9200	82
9300	105
9400	98
9500	87
9600	119
9700	113
9800	130
9900	140
10000	135
10100	152
10200	183
10300	168
10400	171
10500	173
10600	163
10700	197
10800	184
10900	197
11000	187
11100	210
11200	190
11300	233
11400	217
11500	204
11600	228
11700	231
11800	206
11900	229
12000	239
12100	262
12200	235
12300	261
12400	263
12500	258
12600	284
12700	268
12800	276
12900	254
13000	269
13100	271
13200	280
13300	268
13400	266
13500	276
13600	296
13700	284
13800	280
13900	292
14000	285
14100	280
14200	285
14300	301
14400	307
14500	317
14600	284
14700	312
14800	307
14900	315
15000	300
15100	304
15200	302
15300	296
15400	316
15500	292
15600	293
15700	310
15800	286
15900	329
16000	319
16100	321
16200	342
16300	311
16400	281
16500	303
16600	300
16700	301
16800	291
16900	327
17000	310
17100	291
17200	307
17300	334
17400	313
17500	338
17600	308
17700	303
17800	332
17900	310
18000	309
18100	323
18200	308
18300	297
18400	274
18500	324
18600	301
18700	329
18800	299
18900	313
19000	300
19100	293
19200	312
19300	281
19400	289
19500	287
19600	280
19700	299
19800	302
19900	295
20000	331
20100	285
20200	285
20300	297
20400	286
20500	312
20600	343
20700	310
20800	291
20900	307
21000	333
21100	305
21200	278
21300	303
21400	292
21500	304
21600	282
21700	317
21800	284
21900	301
22000	299
22100	290
22200	279
22300	323
22400	314
22500	308
22600	311
22700	281
22800	296
22900	295
23000	303
23100	305
23200	287
23300	337
23400	286
23500	297
23600	307
23700	245
23800	314
23900	313
24000	310
24100	312
24200	271
24300	312
24400	288
24500	283
24600	332
24700	269
24800	340
24900	298
25000	302
25100	300
25200	304
25300	304
25400	319
25500	280
25600	320
25700	311
25800	329
25900	331
26000	302
26100	289
26200	308
26300	301
26400	343
26500	318
26600	300
26700	304
26800	310
26900	282
27000	312
27100	311
27200	314
27300	316
27400	317
27500	289
27600	325
27700	327
27800	296
27900	324
28000	298
28100	332
28200	315
28300	314
28400	293
28500	283
28600	293
28700	335
28800	317
28900	327
29000	292
29100	324
29200	313
29300	291
29400	323
29500	270
29600	334
29700	328
29800	308
29900	323
30000	322
30100	302
30200	289
30300	342
30400	315
30500	333
30600	302
30700	329
30800	299
30900	318
31000	329
31100	321
31200	330
31300	340
31400	311
31500	299
31600	293
31700	289
31800	307
31900	314
32000	314
32100	303
32200	295
32300	296
32400	327
32500	321
32600	294
32700	306
32800	327
32900	309
33000	300
33100	278
33200	327
33300	334
33400	324
33500	290
33600	325
33700	308
33800	329
33900	287
34000	300
34100	300
34200	306
34300	317
34400	284
34500	332
34600	281
34700	289
34800	321
34900	295
35000	313
35100	311
35200	293
35300	318
35400	307
35500	328
35600	325
35700	304
35800	287
35900	276
36000	311
36100	319
36200	308
36300	303
36400	292
36500	288
36600	312
36700	309
36800	322
36900	305
37000	319
37100	286
37200	320
37300	281
37400	292
37500	318
37600	314
37700	329
37800	318
37900	319
38000	288
38100	295
38200	318
38300	275
38400	294
38500	302
38600	329
38700	326
38800	315
38900	320
39000	301
39100	316
39200	285
39300	306
39400	303
39500	312
39600	326
39700	276
39800	312
39900	317
40000	313
40100	299
40200	317
40300	295
40400	332
40500	289
40600	295
40700	301
40800	316
40900	299
41000	298
41100	300
41200	298
41300	276
41400	338
41500	268
41600	319
41700	280
41800	277
41900	311
42000	280
42100	281
42200	311
42300	299
42400	296
42500	303
42600	295
42700	325
42800	327
42900	344
43000	300
43100	296
43200	301
43300	285
43400	330
43500	295
43600	304
43700	322
43800	293
43900	273
44000	299
44100	302
44200	307
44300	301
44400	300
44500	305
44600	276
44700	313
44800	302
44900	299
45000	302
45100	307
45200	320
45300	307
45400	305
45500	274
45600	272
45700	290
45800	314
45900	326
46000	325
46100	324
46200	337
46300	287
46400	338
46500	289
46600	303
46700	328
46800	295
46900	300
47000	299
47100	285
47200	292
47300	324
47400	286
47500	319
47600	285
47700	294
47800	310
47900	310
48000	285
48100	306
48200	307
48300	260
48400	297
48500	312
48600	299
48700	315
48800	309
48900	302
49000	305
49100	321
49200	320
49300	257
49400	321
49500	311
49600	305
49700	268
49800	325
49900	284
50000	302
50100	312
50200	290
50300	323
50400	333
50500	276
50600	329
50700	265
50800	316
50900	287
51000	326
51100	301
51200	298
51300	327
51400	318
51500	292
51600	314
51700	318
51800	324
51900	318
52000	286
52100	296
52200	291
52300	331
52400	316
52500	300
52600	335
52700	291
52800	309
52900	300
53000	305
53100	268
53200	301
53300	303
53400	312
53500	281
53600	307
53700	267
53800	334
53900	282
54000	312
54100	277
54200	288
54300	301
54400	331
54500	296
54600	308
54700	290
54800	293
54900	297
55000	307
55100	322
55200	293
55300	293
55400	331
55500	321
55600	262
55700	287
55800	307
55900	338
56000	348
56100	314
56200	290
56300	321
56400	294
56500	314
56600	331
56700	321
56800	302
56900	314
57000	330
57100	312
57200	329
57300	316
57400	303
57500	310
57600	302
57700	313
57800	338
57900	300
58000	290
58100	328
58200	306
58300	283
58400	302
58500	272
58600	309
58700	262
58800	286
58900	280
59000	327
59100	318
59200	325
59300	275
59400	297
59500	299
59600	304
59700	309
59800	293
59900	305
60000	292
60100	316
60200	321
60300	303
60400	298
60500	275
60600	337
60700	345
60800	318
60900	259
61000	310
61100	330
61200	310
61300	305
61400	289
61500	298
61600	315
61700	318
61800	287
61900	284
62000	311
62100	325
62200	325
62300	295
62400	301
62500	307
62600	305
62700	305
62800	311
62900	293
63000	327
63100	312
63200	333
63300	312
63400	331
63500	288
63600	319
63700	305
63800	301
63900	309
64000	317
64100	308
64200	301
64300	319
64400	288
64500	298
64600	265
64700	302
64800	290
64900	293
65000	336
65100	295
65200	290
65300	324
65400	357
65500	316
65600	287
65700	299
65800	299
65900	307
66000	298
66100	320
66200	298
66300	326
66400	268
66500	343
66600	313
66700	330
66800	294
66900	340
67000	309
67100	290
67200	299
67300	289
67400	317
67500	307
67600	288
67700	343
67800	319
67900	294
68000	323
68100	323
68200	317
68300	300
68400	313
68500	321
68600	297
68700	312
68800	313
68900	283
69000	321
69100	286
69200	301
69300	320
69400	315
69500	285
69600	318
69700	295
69800	314
69900	300
70000	302
70100	329
70200	293
70300	310
70400	325
70500	309
70600	330
70700	293
70800	286
70900	301
71000	295
71100	291
71200	305
71300	344
71400	300
71500	331
71600	297
71700	288
71800	312
71900	305
72000	298
72100	285
72200	309
72300	331
72400	304
72500	325
72600	309
72700	329
72800	267
72900	275
73000	320
73100	277
73200	295
73300	314
73400	317
73500	321
73600	288
73700	312
73800	318
73900	286
74000	307
74100	321
74200	301
74300	308
74400	286
74500	308
74600	321
74700	314
74800	278
74900	318
75000	315
75100	315
75200	314
75300	303
75400	308
75500	303
75600	297
75700	296
75800	307
75900	325
76000	325
76100	340
76200	295
76300	286
76400	295
76500	292
76600	290
76700	315
76800	300
76900	296
77000	322
77100	304
77200	325
77300	339
77400	318
77500	315
77600	320
77700	303
77800	297
77900	279
78000	297
78100	287
78200	336
78300	307
78400	314
78500	320
78600	282
78700	304
78800	331
78900	314
79000	298
79100	332
79200	330
79300	299
79400	321
79500	278
79600	294
79700	292
79800	310
79900	278
80000	321
80100	333
80200	313
80300	291
80400	315
80500	296
80600	294
80700	329
80800	306
80900	317
81000	305
81100	334
81200	317
81300	338
81400	313
81500	322
81600	314
81700	314
81800	286
81900	330
82000	330
82100	306
82200	274
82300	283
82400	304
82500	316
82600	306
82700	308
82800	316
82900	324
83000	289
83100	310
83200	312
83300	294
83400	318
83500	284
83600	302
83700	319
83800	312
83900	286
84000	323
84100	291
84200	307
84300	303
84400	297
84500	291
84600	318
84700	288
84800	281
84900	292
85000	292
85100	289
85200	304
85300	315
85400	320
85500	334
85600	325
85700	279
85800	289
85900	323
86000	340
86100	321
86200	299
86300	301
86400	319
86500	321
86600	307
86700	290
86800	261
86900	281
87000	318
87100	313
87200	299
87300	302
87400	327
87500	304
87600	307
87700	305
87800	308
87900	311
88000	335
88100	307
88200	293
88300	291
88400	312
88500	325
88600	326
88700	335
88800	289
88900	319
89000	312
89100	256
89200	313
89300	316
89400	273
89500	292
89600	327
89700	291
89800	308
89900	299
90000	315
90100	303
90200	319
90300	297
90400	283
90500	283
90600	317
90700	327
90800	309
90900	284
91000	326
91100	306
91200	317
91300	285
91400	306
91500	314
91600	334
91700	279
91800	284
91900	314
92000	274
92100	317
92200	298
92300	283
92400	303
92500	304
92600	287
92700	280
92800	298
92900	309
93000	297
93100	319
93200	290
93300	301
93400	299
93500	338
93600	286
93700	293
93800	311
93900	336
94000	314
94100	314
94200	287
94300	296
94400	300
94500	338
94600	292
94700	285
94800	326
94900	301
95000	294
95100	335
95200	296
95300	290
95400	288
95500	314
95600	320
95700	277
95800	315
95900	326
96000	302
96100	327
96200	292
96300	302
96400	311
96500	319
96600	311
96700	324
96800	316
96900	313
97000	313
97100	345
97200	330
97300	302
97400	312
97500	327
97600	323
97700	286
97800	310
97900	308
98000	298
98100	302
98200	307
98300	315
98400	301
98500	348
98600	297
98700	305
98800	322
98900	338
99000	291
99100	319
99200	329
99300	302
99400	310
99500	321
99600	286
99700	357
99800	304
99900	282
