"Time (ps)"	"Counts per bin"
0	4384447
100	0
200	0
300	0
400	0
500	0
600	0
700	0
800	0
900	0
1000	0
1100	0
1200	0
1300	0
1400	0
1500	0
1600	0
1700	0
1800	0
1900	0
2000	0
2100	0
2200	0
2300	0
2400	0
2500	0
2600	0
2700	0
2800	0
2900	0
3000	0
3100	0
3200	0
3300	0
3400	0
3500	0
3600	0
3700	0
3800	0
3900	0
4000	0
4100	0
4200	0
4300	0
4400	0
4500	0
4600	0
4700	0
4800	0
4900	0
5000	0
5100	0
5200	0
5300	0
5400	0
5500	0
5600	0
5700	0
5800	0
5900	0
6000	0
6100	0
6200	0
6300	0
6400	0
6500	0
6600	0
6700	0
6800	0
6900	0
7000	0
7100	0
7200	0
7300	0
7400	0
7500	0
7600	0
7700	0
7800	0
7900	0
8000	0
8100	0
8200	0
8300	0
8400	0
8500	0
8600	0
8700	0
8800	0
8900	0
9000	0
9100	0
9200	0
9300	0
9400	0
9500	0
9600	0
9700	0
9800	0
9900	0
10000	0
10100	0
10200	0
10300	0
10400	0
10500	0
10600	0
10700	0
10800	0
10900	0
11000	0
11100	0
11200	0
11300	0
11400	1
11500	2
11600	0
11700	0
11800	0
11900	1
12000	1
12100	0
12200	1
12300	2
12400	2
12500	3
12600	2
12700	1
12800	3
12900	3
13000	5
13100	2
13200	1
13300	4
13400	3
13500	6
13600	3
13700	6
13800	6
13900	6
14000	6
14100	4
14200	6
14300	6
14400	4
14500	9
14600	10
14700	17
14800	8
14900	10
15000	13
15100	9
15200	11
15300	12
15400	9
15500	11
15600	9
15700	17
15800	15
15900	16
16000	9
16100	17
16200	15
16300	27
16400	19
16500	21
16600	22
16700	21
16800	23
16900	32
17000	19
17100	20
17200	19
17300	31
17400	33
17500	25
17600	29
17700	30
17800	33
17900	40
18000	36
18100	37
18200	26
18300	39
18400	28
18500	40
18600	33
18700	28
18800	35
18900	37
19000	42
19100	26
19200	47
19300	41
19400	42
19500	44
19600	40
19700	34
19800	44
19900	41
20000	46
20100	50
20200	44
20300	55
20400	57
20500	62
20600	55
20700	53
20800	58
20900	57
21000	66
21100	54
21200	41
21300	54
21400	52
21500	42
21600	43
21700	41
21800	42
21900	49
22000	48
22100	44
22200	33
22300	43
22400	39
22500	41
22600	35
22700	31
22800	59
22900	39
23000	40
23100	38
23200	40
23300	41
23400	43
23500	57
23600	40
23700	61
23800	57
23900	62
24000	78
24100	72
24200	70
24300	95
24400	92
24500	105
24600	112
24700	129
24800	128
24900	157
25000	195
25100	214
25200	208
25300	230
25400	232
25500	260
25600	286
25700	329
25800	450
25900	540
26000	622
26100	671
26200	641
26300	691
26400	639
26500	617
26600	623
26700	583
26800	548
26900	575
27000	541
27100	547
27200	521
27300	497
27400	510
27500	464
27600	444
27700	499
27800	476
27900	481
28000	434
28100	444
28200	463
28300	429
28400	446
28500	419
28600	402
28700	371
28800	386
28900	372
29000	374
29100	312
29200	328
29300	303
29400	314
29500	311
29600	293
29700	265
29800	270
29900	264
30000	246
30100	265
30200	287
30300	232
30400	244
30500	264
30600	253
30700	263
30800	221
30900	257
31000	220
31100	235
31200	216
31300	199
31400	225
31500	205
31600	189
31700	213
31800	194
31900	184
32000	183
32100	146
32200	161
32300	158
32400	147
32500	136
32600	128
32700	127
32800	98
32900	84
33000	89
33100	95
33200	71
33300	63
33400	57
33500	52
33600	64
33700	42
33800	39
33900	46
34000	40
34100	38
34200	45
34300	22
34400	32
34500	23
34600	31
34700	25
34800	36
34900	33
35000	20
35100	19
35200	16
35300	19
35400	17
35500	11
35600	18
35700	15
35800	18
35900	13
36000	24
36100	12
36200	15
36300	18
36400	20
36500	12
36600	17
36700	10
36800	12
36900	15
37000	12
37100	13
37200	14
37300	14
37400	16
37500	10
37600	21
37700	10
37800	9
37900	16
38000	10
38100	11
38200	15
38300	10
38400	14
38500	12
38600	16
38700	17
38800	18
38900	13
39000	21
39100	12
39200	19
39300	20
39400	31
39500	31
39600	37
39700	35
39800	39
39900	51
40000	59
40100	51
40200	58
40300	81
40400	87
40500	104
40600	89
40700	117
40800	145
40900	138
41000	164
41100	169
41200	186
41300	206
41400	224
41500	231
41600	221
41700	261
41800	262
41900	309
42000	316
42100	338
42200	375
42300	395
42400	432
42500	489
42600	454
42700	461
42800	437
42900	493
43000	520
43100	499
43200	521
43300	535
43400	543
43500	575
43600	542
43700	568
43800	530
43900	561
44000	547
44100	561
44200	562
44300	566
44400	578
44500	586
44600	617
44700	597
44800	587
44900	606
45000	572
45100	559
45200	587
45300	598
45400	555
45500	592
45600	565
45700	574
45800	571
45900	566
46000	569
46100	605
46200	572
46300	593
46400	584
46500	558
46600	546
46700	593
46800	541
46900	579
47000	564
47100	581
47200	581
47300	621
47400	558
47500	561
47600	575
47700	553
47800	548
47900	580
48000	604
48100	565
48200	563
48300	551
48400	556
48500	553
48600	581
48700	568
48800	543
48900	543
49000	555
49100	591
49200	531
49300	557
49400	586
49500	585
49600	556
49700	584
49800	557
49900	557
50000	577
50100	555
50200	563
50300	592
50400	546
50500	553
50600	568
50700	553
50800	556
50900	614
51000	579
51100	521
51200	527
51300	564
51400	566
51500	582
51600	556
51700	599
51800	559
51900	587
52000	567
52100	573
52200	558
52300	549
52400	571
52500	574
52600	592
52700	596
52800	619
52900	583
53000	534
53100	531
53200	583
53300	563
53400	571
53500	572
53600	614
53700	546
53800	529
53900	539
54000	525
54100	561
54200	544
54300	541
54400	566
54500	569
54600	539
54700	531
54800	561
54900	525
55000	539
55100	545
55200	539
55300	586
55400	587
55500	526
55600	586
55700	563
55800	545
55900	553
56000	550
56100	552
56200	534
56300	528
56400	543
56500	523
56600	561
56700	538
56800	514
56900	569
57000	572
57100	542
57200	509
57300	542
57400	527
57500	534
57600	565
57700	540
57800	527
57900	566
58000	527
58100	576
58200	524
58300	522
58400	552
58500	547
58600	557
58700	554
58800	507
58900	578
59000	562
59100	545
59200	556
59300	532
59400	565
59500	533
59600	531
59700	558
59800	529
59900	542
60000	549
60100	568
60200	574
60300	550
60400	578
60500	540
60600	552
60700	541
60800	551
60900	568
61000	531
61100	517
61200	535
61300	522
61400	557
61500	576
61600	515
61700	516
61800	539
61900	563
62000	586
62100	567
62200	542
62300	578
62400	550
62500	579
62600	529
62700	546
62800	561
62900	557
63000	543
63100	537
63200	549
63300	542
63400	625
63500	553
63600	578
63700	570
63800	590
63900	571
64000	556
64100	559
64200	524
64300	544
64400	553
64500	530
64600	549
64700	529
64800	557
64900	543
65000	550
65100	530
65200	535
65300	532
65400	537
65500	557
65600	539
65700	539
65800	552
65900	543
66000	553
66100	543
66200	545
66300	514
66400	550
66500	556
66600	537
66700	539
66800	552
66900	573
67000	551
67100	566
67200	517
67300	523
67400	559
67500	553
67600	550
67700	585
67800	501
67900	557
68000	533
68100	596
68200	536
68300	542
68400	554
68500	576
68600	569
68700	555
68800	530
68900	541
69000	534
69100	568
69200	522
69300	575
69400	533
69500	513
69600	514
69700	543
69800	555
69900	556
70000	544
70100	545
70200	511
70300	529
70400	567
70500	527
70600	565
70700	571
70800	496
70900	563
71000	556
71100	561
71200	514
71300	546
71400	554
71500	530
71600	572
71700	538
71800	583
71900	549
72000	479
72100	531
72200	559
72300	512
72400	511
72500	566
72600	513
72700	558
72800	586
72900	546
73000	505
73100	552
73200	552
73300	490
73400	558
73500	555
73600	529
73700	556
73800	492
73900	563
74000	562
74100	528
74200	585
74300	520
74400	530
74500	521
74600	530
74700	523
74800	521
74900	552
75000	519
75100	548
75200	498
75300	524
75400	579
75500	516
75600	548
75700	520
75800	509
75900	546
76000	539
76100	515
76200	546
76300	518
76400	560
76500	516
76600	554
76700	514
76800	462
76900	500
77000	489
77100	470
77200	494
77300	514
77400	530
77500	484
77600	524
77700	509
77800	533
77900	472
78000	497
78100	494
78200	501
78300	475
78400	457
78500	472
78600	431
78700	471
78800	473
78900	431
79000	452
79100	454
79200	435
79300	406
79400	403
79500	466
79600	457
79700	405
79800	400
79900	415
80000	377
80100	363
80200	398
80300	359
80400	386
80500	382
80600	338
80700	360
80800	364
80900	365
81000	319
81100	339
81200	423
81300	374
81400	389
81500	353
81600	389
81700	397
81800	409
81900	388
82000	368
82100	386
82200	415
82300	372
82400	379
82500	383
82600	421
82700	396
82800	401
82900	385
83000	377
83100	385
83200	406
83300	400
83400	414
83500	428
83600	425
83700	461
83800	400
83900	444
84000	422
84100	436
84200	451
84300	408
84400	466
84500	460
84600	448
84700	393
84800	477
84900	498
85000	463
85100	489
85200	464
85300	491
85400	520
85500	473
85600	461
85700	510
85800	526
85900	476
86000	522
86100	531
86200	498
86300	514
86400	525
86500	552
86600	579
86700	545
86800	525
86900	510
87000	521
87100	515
87200	524
87300	529
87400	521
87500	513
87600	527
87700	520
87800	546
87900	515
88000	568
88100	501
88200	518
88300	542
88400	543
88500	523
88600	554
88700	512
88800	491
88900	531
89000	527
89100	561
89200	514
89300	550
89400	512
89500	518
89600	548
89700	545
89800	507
89900	524
90000	520
90100	552
90200	504
90300	576
90400	553
90500	583
90600	536
90700	487
90800	498
90900	516
91000	538
91100	552
91200	534
91300	522
91400	524
91500	540
91600	579
91700	512
91800	489
91900	561
92000	530
92100	577
92200	594
92300	581
92400	509
92500	524
92600	539
92700	526
92800	487
92900	524
93000	538
93100	518
93200	510
93300	557
93400	578
93500	505
93600	518
93700	579
93800	591
93900	549
94000	560
94100	561
94200	535
94300	539
94400	553
94500	533
94600	587
94700	519
94800	581
94900	552
95000	511
95100	539
95200	557
95300	583
95400	551
95500	582
95600	557
95700	537
95800	565
95900	567
96000	558
96100	567
96200	560
96300	564
96400	541
96500	513
96600	537
96700	567
96800	558
96900	529
97000	499
97100	541
97200	543
97300	543
97400	581
97500	577
97600	563
97700	563
97800	584
97900	534
98000	583
98100	541
98200	566
98300	573
98400	585
98500	595
98600	581
98700	568
98800	558
98900	603
99000	518
99100	539
99200	546
99300	536
99400	583
99500	555
99600	562
99700	599
99800	564
99900	609
