"Time (ps)"	"Counts per bin"
0	75369926
100	0
200	0
300	0
400	0
500	0
600	0
700	0
800	0
900	0
1000	0
1100	0
1200	0
1300	0
1400	0
1500	0
1600	0
1700	0
1800	0
1900	0
2000	0
2100	0
2200	0
2300	0
2400	0
2500	0
2600	0
2700	0
2800	0
2900	0
3000	0
3100	0
3200	0
3300	0
3400	0
3500	0
3600	0
3700	0
3800	0
3900	0
4000	0
4100	0
4200	0
4300	0
4400	0
4500	0
4600	0
4700	0
4800	0
4900	0
5000	0
5100	0
5200	0
5300	0
5400	0
5500	0
5600	0
5700	0
5800	34
5900	27533
6000	85698
6100	77781
6200	75380
6300	73911
6400	71824
6500	70694
6600	69975
6700	68364
6800	67804
6900	66633
7000	66631
7100	66511
7200	66111
7300	66228
7400	65967
7500	65506
7600	64764
7700	64524
7800	64587
7900	64471
8000	63737
8100	63433
8200	63052
8300	62787
8400	61583
8500	61627
8600	60978
8700	60066
8800	59099
8900	58395
9000	57212
9100	55623
9200	54771
9300	53637
9400	52102
9500	51419
9600	49386
9700	48976
9800	47810
9900	47272
10000	45972
10100	44938
10200	44368
10300	43991
10400	43122
10500	42704
10600	43240
10700	42877
10800	42912
10900	43044
11000	43204
11100	43970
11200	44305
11300	44940
11400	46103
11500	47026
11600	47532
11700	48190
11800	48840
11900	50608
12000	51814
12100	53226
12200	55005
12300	56532
12400	58506
12500	60456
12600	62854
12700	64352
12800	67285
12900	69013
13000	71432
13100	74150
13200	76504
13300	79002
13400	80133
13500	83531
13600	84928
13700	86596
13800	89060
13900	90527
14000	92209
14100	94118
14200	95702
14300	97768
14400	99484
14500	100413
14600	101964
14700	102570
14800	104132
14900	104807
15000	106148
15100	107004
15200	107199
15300	107122
15400	107538
15500	108341
15600	107122
15700	107303
15800	105868
15900	105571
16000	106044
16100	104349
16200	104327
16300	102133
16400	101200
16500	99881
16600	98743
16700	97189
16800	94654
16900	92046
17000	90120
17100	87354
17200	85503
17300	83428
17400	80414
17500	77499
17600	74997
17700	72391
17800	69586
17900	66457
18000	64007
18100	61693
18200	59269
18300	56559
18400	54443
18500	52754
18600	51498
18700	51349
18800	51162
18900	53139
19000	57112
19100	64923
19200	77065
19300	95285
19400	121055
19500	157592
19600	207731
19700	269589
19800	341210
19900	415036
20000	481505
20100	528067
20200	549352
20300	544883
20400	512952
20500	461958
20600	395092
20700	326287
20800	259237
20900	199907
21000	151901
21100	114117
21200	86192
21300	65774
21400	50787
21500	41302
21600	33911
21700	29597
21800	26523
21900	24701
22000	23509
22100	22601
22200	22164
22300	22210
22400	22095
22500	22348
22600	22332
22700	22320
22800	22842
22900	23624
23000	23505
23100	24091
23200	25008
23300	24862
23400	26099
23500	26346
23600	27234
23700	27542
23800	28524
23900	29056
24000	30237
24100	31616
24200	34029
24300	37619
24400	44240
24500	55252
24600	72710
24700	97858
24800	133210
24900	176935
25000	226863
25100	276554
25200	322329
25300	357573
25400	385927
25500	408145
25600	414104
25700	402218
25800	374693
25900	346487
26000	328396
26100	326992
26200	338958
26300	356664
26400	365711
26500	346867
26600	299861
26700	232057
26800	164989
26900	112998
27000	79636
27100	60592
27200	50256
27300	45576
27400	42884
27500	42050
27600	41748
27700	41747
27800	42342
27900	42680
28000	43332
28100	43494
28200	44313
28300	44531
28400	45023
28500	45764
28600	46514
28700	46816
28800	48080
28900	48017
29000	48719
29100	49308
29200	49746
29300	49516
29400	50116
29500	50114
29600	50652
29700	50634
29800	51220
29900	51131
30000	51866
30100	51899
30200	52680
30300	52533
30400	52454
30500	52991
30600	53155
30700	53858
30800	55373
30900	55454
31000	55860
31100	56410
31200	57445
31300	57981
31400	58800
31500	59125
31600	60509
31700	61003
31800	61620
31900	62425
32000	63887
32100	64787
32200	65716
32300	66604
32400	68540
32500	69753
32600	71349
32700	72563
32800	73676
32900	75074
33000	76946
33100	78532
33200	79446
33300	81914
33400	82286
33500	84130
33600	86054
33700	87021
33800	88017
33900	89617
34000	90345
34100	90830
34200	91652
34300	92726
34400	93905
34500	93768
34600	94139
34700	94006
34800	93408
34900	93448
35000	92677
35100	91824
35200	90852
35300	89024
35400	88102
35500	86123
35600	83868
35700	82755
35800	80483
35900	78139
36000	75698
36100	73768
36200	71610
36300	69844
36400	66586
36500	64617
36600	62186
36700	60511
36800	57959
36900	56414
37000	54808
37100	53186
37200	51642
37300	50299
37400	48926
37500	47358
37600	46605
37700	45645
37800	44673
37900	43764
38000	43151
38100	42963
38200	42048
38300	42026
38400	41702
38500	41104
38600	41332
38700	41411
38800	41638
38900	42315
39000	42459
39100	42762
39200	43358
39300	43887
39400	44223
39500	45702
39600	46359
39700	47314
39800	48566
39900	49785
40000	51139
40100	52660
40200	54322
40300	55761
40400	57823
40500	59332
40600	61899
40700	64079
40800	66546
40900	69255
41000	73195
41100	76471
41200	80781
41300	85154
41400	91130
41500	95885
41600	101692
41700	106833
41800	111151
41900	116201
42000	121758
42100	125602
42200	131752
42300	137197
42400	143465
42500	150019
42600	156193
42700	161619
42800	164485
42900	166607
43000	167923
43100	169333
43200	169754
43300	173339
43400	178155
43500	183778
43600	190569
43700	197541
43800	204775
43900	213282
44000	223427
44100	237013
44200	257012
44300	286720
44400	327761
44500	379060
44600	446554
44700	524193
44800	611420
44900	700775
45000	790883
45100	872591
45200	942835
45300	994950
45400	1028897
45500	1042024
45600	1034905
45700	1007641
45800	964147
45900	907565
46000	838897
46100	762049
46200	679694
46300	596022
46400	515809
46500	440328
46600	372996
46700	313069
46800	265228
46900	223076
47000	191399
47100	164845
47200	144920
47300	129271
47400	117189
47500	108189
47600	102502
47700	98602
47800	95308
47900	94163
48000	93097
48100	93781
48200	94544
48300	95839
48400	98193
48500	100875
48600	103946
48700	107707
48800	111581
48900	116642
49000	121636
49100	127130
49200	134226
49300	139884
49400	148801
49500	156197
49600	165521
49700	175072
49800	185671
49900	196437
50000	209249
50100	221495
50200	234594
50300	249296
50400	263745
50500	278562
50600	293609
50700	308641
50800	322519
50900	335968
51000	346939
51100	359124
51200	365164
51300	371470
51400	375329
51500	377364
51600	374227
51700	369576
51800	362351
51900	354123
52000	344252
52100	331418
52200	316457
52300	301472
52400	286669
52500	270891
52600	255925
52700	241037
52800	227192
52900	213644
53000	199716
53100	187964
53200	176340
53300	167553
53400	157655
53500	149168
53600	140938
53700	133991
53800	128015
53900	122132
54000	116171
54100	110533
54200	106121
54300	101604
54400	97166
54500	93093
54600	89494
54700	85997
54800	82489
54900	79887
55000	76133
55100	73117
55200	70867
55300	67739
55400	65715
55500	62837
55600	60314
55700	57981
55800	56714
55900	53762
56000	52102
56100	49881
56200	48733
56300	47127
56400	45360
56500	44167
56600	42903
56700	41928
56800	40584
56900	39294
57000	38278
57100	37430
57200	36973
57300	35891
57400	35298
57500	34505
57600	34075
57700	33537
57800	33017
57900	32496
58000	32104
58100	31968
58200	31659
58300	31646
58400	31159
58500	31355
58600	31019
58700	31069
58800	30833
58900	31129
59000	30737
59100	30790
59200	30807
59300	31217
59400	31056
59500	30921
59600	31641
59700	31613
59800	32091
59900	32399
60000	33163
60100	33115
60200	33438
60300	33980
60400	34672
60500	35126
60600	35190
60700	36337
60800	36423
60900	37340
61000	37961
61100	38826
61200	39497
61300	40621
61400	41230
61500	41670
61600	43225
61700	43703
61800	45028
61900	45821
62000	47091
62100	47922
62200	48844
62300	49609
62400	51146
62500	51368
62600	52363
62700	53457
62800	54154
62900	54517
63000	54839
63100	56218
63200	57109
63300	57497
63400	58023
63500	59127
63600	59358
63700	60653
63800	61116
63900	61982
64000	63117
64100	63885
64200	65531
64300	66248
64400	66769
64500	68146
64600	69929
64700	70775
64800	72530
64900	73592
65000	75220
65100	76585
65200	77598
65300	79547
65400	79886
65500	81663
65600	82524
65700	84041
65800	84609
65900	86135
66000	86508
66100	88520
66200	88344
66300	89836
66400	90188
66500	91731
66600	92533
66700	93859
66800	94573
66900	95680
67000	96720
67100	98053
67200	98915
67300	100790
67400	102212
67500	103681
67600	105565
67700	106685
67800	107810
67900	109191
68000	111187
68100	112813
68200	113960
68300	115665
68400	116815
68500	118248
68600	119469
68700	120973
68800	120909
68900	122231
69000	122375
69100	122754
69200	122267
69300	122933
69400	121142
69500	120737
69600	119876
69700	118432
69800	116690
69900	115347
70000	114013
70100	112543
70200	110762
70300	109219
70400	107733
70500	107116
70600	106401
70700	106310
70800	106247
70900	107461
71000	108420
71100	111162
71200	114083
71300	118577
71400	122795
71500	127369
71600	133070
71700	139129
71800	145169
71900	150913
72000	155405
72100	158856
72200	162954
72300	164222
72400	165228
72500	165036
72600	163674
72700	160377
72800	156072
72900	151395
73000	145372
73100	138847
73200	132396
73300	125821
73400	118882
73500	112198
73600	105247
73700	99005
73800	92596
73900	87681
74000	82031
74100	77716
74200	72849
74300	68112
74400	64737
74500	61131
74600	58061
74700	54847
74800	52179
74900	49994
75000	47653
75100	46056
75200	44054
75300	42497
75400	40896
75500	39291
75600	38436
75700	37103
75800	36004
75900	34648
76000	33734
76100	33133
76200	32575
76300	31338
76400	30287
76500	29531
76600	28908
76700	28475
76800	27787
76900	27161
77000	26821
77100	26088
77200	25603
77300	25157
77400	24835
77500	24110
77600	23910
77700	23815
77800	23293
77900	23473
78000	23196
78100	22911
78200	23099
78300	23047
78400	23043
78500	23168
78600	23227
78700	23141
78800	23349
78900	23464
79000	23837
79100	23865
79200	24398
79300	24780
79400	24980
79500	25643
79600	25824
79700	26566
79800	26655
79900	27326
80000	28078
80100	28648
80200	29373
80300	29622
80400	30717
80500	31517
80600	32362
80700	33119
80800	34243
80900	34911
81000	36004
81100	37261
81200	38369
81300	39324
81400	40923
81500	41590
81600	43012
81700	44170
81800	45785
81900	47422
82000	48217
82100	49724
82200	51093
82300	52535
82400	54091
82500	55947
82600	57013
82700	58747
82800	59986
82900	61695
83000	63091
83100	64600
83200	66092
83300	67538
83400	68686
83500	71128
83600	72322
83700	73876
83800	75473
83900	76668
84000	78474
84100	80030
84200	82086
84300	83879
84400	85472
84500	87850
84600	89509
84700	91614
84800	94290
84900	96649
85000	98168
85100	100659
85200	103525
85300	105603
85400	107931
85500	110210
85600	112045
85700	114640
85800	116544
85900	118513
86000	120754
86100	122240
86200	124104
86300	125400
86400	125859
86500	127418
86600	128367
86700	128716
86800	129138
86900	129653
87000	129648
87100	128907
87200	128972
87300	129353
87400	128008
87500	128818
87600	127919
87700	128168
87800	128377
87900	127869
88000	128123
88100	127841
88200	127535
88300	128157
88400	127859
88500	128647
88600	127548
88700	127328
88800	127771
88900	127817
89000	126927
89100	127655
89200	125568
89300	125275
89400	124877
89500	123102
89600	121773
89700	120204
89800	119068
89900	116844
90000	115490
90100	113580
90200	111170
90300	108890
90400	107418
90500	105297
90600	103107
90700	101577
90800	99283
90900	98500
91000	96515
91100	95516
91200	94861
91300	94542
91400	94091
91500	93984
91600	94589
91700	94584
91800	95428
91900	96979
92000	98495
92100	99488
92200	101065
92300	102769
92400	105167
92500	107889
92600	109982
92700	112018
92800	114134
92900	116601
93000	119873
93100	122648
93200	126106
93300	129240
93400	133236
93500	136538
93600	140212
93700	144663
93800	148355
93900	153661
94000	157680
94100	162099
94200	167646
94300	173295
94400	179550
94500	185426
94600	191835
94700	199000
94800	205845
94900	212416
95000	222838
95100	229982
95200	238810
95300	248764
95400	259596
95500	267453
95600	278751
95700	290268
95800	300959
95900	312007
96000	323236
96100	334799
96200	344153
96300	352884
96400	361077
96500	369744
96600	375867
96700	381134
96800	385941
96900	388724
97000	389810
97100	388623
97200	388334
97300	385099
97400	380414
97500	374305
97600	368059
97700	360615
97800	351158
97900	342746
98000	332109
98100	321321
98200	309654
98300	298554
98400	286234
98500	274263
98600	263027
98700	251479
98800	238653
98900	228079
99000	217818
99100	207848
99200	198445
99300	187886
99400	178723
99500	169973
99600	162138
99700	154625
99800	147301
99900	140355
