"Time differences (ps)"	"Normalized correlation g(2)"
-50000	NaN
-49900	NaN
-49800	NaN
-49700	NaN
-49600	NaN
-49500	NaN
-49400	NaN
-49300	NaN
-49200	NaN
-49100	NaN
-49000	NaN
-48900	NaN
-48800	NaN
-48700	NaN
-48600	NaN
-48500	NaN
-48400	NaN
-48300	NaN
-48200	NaN
-48100	NaN
-48000	NaN
-47900	NaN
-47800	NaN
-47700	NaN
-47600	NaN
-47500	NaN
-47400	NaN
-47300	NaN
-47200	NaN
-47100	NaN
-47000	NaN
-46900	NaN
-46800	NaN
-46700	NaN
-46600	NaN
-46500	NaN
-46400	NaN
-46300	NaN
-46200	NaN
-46100	NaN
-46000	NaN
-45900	NaN
-45800	NaN
-45700	NaN
-45600	NaN
-45500	NaN
-45400	NaN
-45300	NaN
-45200	NaN
-45100	NaN
-45000	NaN
-44900	NaN
-44800	NaN
-44700	NaN
-44600	NaN
-44500	NaN
-44400	NaN
-44300	NaN
-44200	NaN
-44100	NaN
-44000	NaN
-43900	NaN
-43800	NaN
-43700	NaN
-43600	NaN
-43500	NaN
-43400	NaN
-43300	NaN
-43200	NaN
-43100	NaN
-43000	NaN
-42900	NaN
-42800	NaN
-42700	NaN
-42600	NaN
-42500	NaN
-42400	NaN
-42300	NaN
-42200	NaN
-42100	NaN
-42000	NaN
-41900	NaN
-41800	NaN
-41700	NaN
-41600	NaN
-41500	NaN
-41400	NaN
-41300	NaN
-41200	NaN
-41100	NaN
-41000	NaN
-40900	NaN
-40800	NaN
-40700	NaN
-40600	NaN
-40500	NaN
-40400	NaN
-40300	NaN
-40200	NaN
-40100	NaN
-40000	NaN
-39900	NaN
-39800	NaN
-39700	NaN
-39600	NaN
-39500	NaN
-39400	NaN
-39300	NaN
-39200	NaN
-39100	NaN
-39000	NaN
-38900	NaN
-38800	NaN
-38700	NaN
-38600	NaN
-38500	NaN
-38400	NaN
-38300	NaN
-38200	NaN
-38100	NaN
-38000	NaN
-37900	NaN
-37800	NaN
-37700	NaN
-37600	NaN
-37500	NaN
-37400	NaN
-37300	NaN
-37200	NaN
-37100	NaN
-37000	NaN
-36900	NaN
-36800	NaN
-36700	NaN
-36600	NaN
-36500	NaN
-36400	NaN
-36300	NaN
-36200	NaN
-36100	NaN
-36000	NaN
-35900	NaN
-35800	NaN
-35700	NaN
-35600	NaN
-35500	NaN
-35400	NaN
-35300	NaN
-35200	NaN
-35100	NaN
-35000	NaN
-34900	NaN
-34800	NaN
-34700	NaN
-34600	NaN
-34500	NaN
-34400	NaN
-34300	NaN
-34200	NaN
-34100	NaN
-34000	NaN
-33900	NaN
-33800	NaN
-33700	NaN
-33600	NaN
-33500	NaN
-33400	NaN
-33300	NaN
-33200	NaN
-33100	NaN
-33000	NaN
-32900	NaN
-32800	NaN
-32700	NaN
-32600	NaN
-32500	NaN
-32400	NaN
-32300	NaN
-32200	NaN
-32100	NaN
-32000	NaN
-31900	NaN
-31800	NaN
-31700	NaN
-31600	NaN
-31500	NaN
-31400	NaN
-31300	NaN
-31200	NaN
-31100	NaN
-31000	NaN
-30900	NaN
-30800	NaN
-30700	NaN
-30600	NaN
-30500	NaN
-30400	NaN
-30300	NaN
-30200	NaN
-30100	NaN
-30000	NaN
-29900	NaN
-29800	NaN
-29700	NaN
-29600	NaN
-29500	NaN
-29400	NaN
-29300	NaN
-29200	NaN
-29100	NaN
-29000	NaN
-28900	NaN
-28800	NaN
-28700	NaN
-28600	NaN
-28500	NaN
-28400	NaN
-28300	NaN
-28200	NaN
-28100	NaN
-28000	NaN
-27900	NaN
-27800	NaN
-27700	NaN
-27600	NaN
-27500	NaN
-27400	NaN
-27300	NaN
-27200	NaN
-27100	NaN
-27000	NaN
-26900	NaN
-26800	NaN
-26700	NaN
-26600	NaN
-26500	NaN
-26400	NaN
-26300	NaN
-26200	NaN
-26100	NaN
-26000	NaN
-25900	NaN
-25800	NaN
-25700	NaN
-25600	NaN
-25500	NaN
-25400	NaN
-25300	NaN
-25200	NaN
-25100	NaN
-25000	NaN
-24900	NaN
-24800	NaN
-24700	NaN
-24600	NaN
-24500	NaN
-24400	NaN
-24300	NaN
-24200	NaN
-24100	NaN
-24000	NaN
-23900	NaN
-23800	NaN
-23700	NaN
-23600	NaN
-23500	NaN
-23400	NaN
-23300	NaN
-23200	NaN
-23100	NaN
-23000	NaN
-22900	NaN
-22800	NaN
-22700	NaN
-22600	NaN
-22500	NaN
-22400	NaN
-22300	NaN
-22200	NaN
-22100	NaN
-22000	NaN
-21900	NaN
-21800	NaN
-21700	NaN
-21600	NaN
-21500	NaN
-21400	NaN
-21300	NaN
-21200	NaN
-21100	NaN
-21000	NaN
-20900	NaN
-20800	NaN
-20700	NaN
-20600	NaN
-20500	NaN
-20400	NaN
-20300	NaN
-20200	NaN
-20100	NaN
-20000	NaN
-19900	NaN
-19800	NaN
-19700	NaN
-19600	NaN
-19500	NaN
-19400	NaN
-19300	NaN
-19200	NaN
-19100	NaN
-19000	NaN
-18900	NaN
-18800	NaN
-18700	NaN
-18600	NaN
-18500	NaN
-18400	NaN
-18300	NaN
-18200	NaN
-18100	NaN
-18000	NaN
-17900	NaN
-17800	NaN
-17700	NaN
-17600	NaN
-17500	NaN
-17400	NaN
-17300	NaN
-17200	NaN
-17100	NaN
-17000	NaN
-16900	NaN
-16800	NaN
-16700	NaN
-16600	NaN
-16500	NaN
-16400	NaN
-16300	NaN
-16200	NaN
-16100	NaN
-16000	NaN
-15900	NaN
-15800	NaN
-15700	NaN
-15600	NaN
-15500	NaN
-15400	NaN
-15300	NaN
-15200	NaN
-15100	NaN
-15000	NaN
-14900	NaN
-14800	NaN
-14700	NaN
-14600	NaN
-14500	NaN
-14400	NaN
-14300	NaN
-14200	NaN
-14100	NaN
-14000	NaN
-13900	NaN
-13800	NaN
-13700	NaN
-13600	NaN
-13500	NaN
-13400	NaN
-13300	NaN
-13200	NaN
-13100	NaN
-13000	NaN
-12900	NaN
-12800	NaN
-12700	NaN
-12600	NaN
-12500	NaN
-12400	NaN
-12300	NaN
-12200	NaN
-12100	NaN
-12000	NaN
-11900	NaN
-11800	NaN
-11700	NaN
-11600	NaN
-11500	NaN
-11400	NaN
-11300	NaN
-11200	NaN
-11100	NaN
-11000	NaN
-10900	NaN
-10800	NaN
-10700	NaN
-10600	NaN
-10500	NaN
-10400	NaN
-10300	NaN
-10200	NaN
-10100	NaN
-10000	NaN
-9900	NaN
-9800	NaN
-9700	NaN
-9600	NaN
-9500	NaN
-9400	NaN
-9300	NaN
-9200	NaN
-9100	NaN
-9000	NaN
-8900	NaN
-8800	NaN
-8700	NaN
-8600	NaN
-8500	NaN
-8400	NaN
-8300	NaN
-8200	NaN
-8100	NaN
-8000	NaN
-7900	NaN
-7800	NaN
-7700	NaN
-7600	NaN
-7500	NaN
-7400	NaN
-7300	NaN
-7200	NaN
-7100	NaN
-7000	NaN
-6900	NaN
-6800	NaN
-6700	NaN
-6600	NaN
-6500	NaN
-6400	NaN
-6300	NaN
-6200	NaN
-6100	NaN
-6000	NaN
-5900	NaN
-5800	NaN
-5700	NaN
-5600	NaN
-5500	NaN
-5400	NaN
-5300	NaN
-5200	NaN
-5100	NaN
-5000	NaN
-4900	NaN
-4800	NaN
-4700	NaN
-4600	NaN
-4500	NaN
-4400	NaN
-4300	NaN
-4200	NaN
-4100	NaN
-4000	NaN
-3900	NaN
-3800	NaN
-3700	NaN
-3600	NaN
-3500	NaN
-3400	NaN
-3300	NaN
-3200	NaN
-3100	NaN
-3000	NaN
-2900	NaN
-2800	NaN
-2700	NaN
-2600	NaN
-2500	NaN
-2400	NaN
-2300	NaN
-2200	NaN
-2100	NaN
-2000	NaN
-1900	NaN
-1800	NaN
-1700	NaN
-1600	NaN
-1500	NaN
-1400	NaN
-1300	NaN
-1200	NaN
-1100	NaN
-1000	NaN
-900	NaN
-800	NaN
-700	NaN
-600	NaN
-500	NaN
-400	NaN
-300	NaN
-200	NaN
-100	NaN
0	NaN
100	NaN
200	NaN
300	NaN
400	NaN
500	NaN
600	NaN
700	NaN
800	NaN
900	NaN
1000	NaN
1100	NaN
1200	NaN
1300	NaN
1400	NaN
1500	NaN
1600	NaN
1700	NaN
1800	NaN
1900	NaN
2000	NaN
2100	NaN
2200	NaN
2300	NaN
2400	NaN
2500	NaN
2600	NaN
2700	NaN
2800	NaN
2900	NaN
3000	NaN
3100	NaN
3200	NaN
3300	NaN
3400	NaN
3500	NaN
3600	NaN
3700	NaN
3800	NaN
3900	NaN
4000	NaN
4100	NaN
4200	NaN
4300	NaN
4400	NaN
4500	NaN
4600	NaN
4700	NaN
4800	NaN
4900	NaN
5000	NaN
5100	NaN
5200	NaN
5300	NaN
5400	NaN
5500	NaN
5600	NaN
5700	NaN
5800	NaN
5900	NaN
6000	NaN
6100	NaN
6200	NaN
6300	NaN
6400	NaN
6500	NaN
6600	NaN
6700	NaN
6800	NaN
6900	NaN
7000	NaN
7100	NaN
7200	NaN
7300	NaN
7400	NaN
7500	NaN
7600	NaN
7700	NaN
7800	NaN
7900	NaN
8000	NaN
8100	NaN
8200	NaN
8300	NaN
8400	NaN
8500	NaN
8600	NaN
8700	NaN
8800	NaN
8900	NaN
9000	NaN
9100	NaN
9200	NaN
9300	NaN
9400	NaN
9500	NaN
9600	NaN
9700	NaN
9800	NaN
9900	NaN
10000	NaN
10100	NaN
10200	NaN
10300	NaN
10400	NaN
10500	NaN
10600	NaN
10700	NaN
10800	NaN
10900	NaN
11000	NaN
11100	NaN
11200	NaN
11300	NaN
11400	NaN
11500	NaN
11600	NaN
11700	NaN
11800	NaN
11900	NaN
12000	NaN
12100	NaN
12200	NaN
12300	NaN
12400	NaN
12500	NaN
12600	NaN
12700	NaN
12800	NaN
12900	NaN
13000	NaN
13100	NaN
13200	NaN
13300	NaN
13400	NaN
13500	NaN
13600	NaN
13700	NaN
13800	NaN
13900	NaN
14000	NaN
14100	NaN
14200	NaN
14300	NaN
14400	NaN
14500	NaN
14600	NaN
14700	NaN
14800	NaN
14900	NaN
15000	NaN
15100	NaN
15200	NaN
15300	NaN
15400	NaN
15500	NaN
15600	NaN
15700	NaN
15800	NaN
15900	NaN
16000	NaN
16100	NaN
16200	NaN
16300	NaN
16400	NaN
16500	NaN
16600	NaN
16700	NaN
16800	NaN
16900	NaN
17000	NaN
17100	NaN
17200	NaN
17300	NaN
17400	NaN
17500	NaN
17600	NaN
17700	NaN
17800	NaN
17900	NaN
18000	NaN
18100	NaN
18200	NaN
18300	NaN
18400	NaN
18500	NaN
18600	NaN
18700	NaN
18800	NaN
18900	NaN
19000	NaN
19100	NaN
19200	NaN
19300	NaN
19400	NaN
19500	NaN
19600	NaN
19700	NaN
19800	NaN
19900	NaN
20000	NaN
20100	NaN
20200	NaN
20300	NaN
20400	NaN
20500	NaN
20600	NaN
20700	NaN
20800	NaN
20900	NaN
21000	NaN
21100	NaN
21200	NaN
21300	NaN
21400	NaN
21500	NaN
21600	NaN
21700	NaN
21800	NaN
21900	NaN
22000	NaN
22100	NaN
22200	NaN
22300	NaN
22400	NaN
22500	NaN
22600	NaN
22700	NaN
22800	NaN
22900	NaN
23000	NaN
23100	NaN
23200	NaN
23300	NaN
23400	NaN
23500	NaN
23600	NaN
23700	NaN
23800	NaN
23900	NaN
24000	NaN
24100	NaN
24200	NaN
24300	NaN
24400	NaN
24500	NaN
24600	NaN
24700	NaN
24800	NaN
24900	NaN
25000	NaN
25100	NaN
25200	NaN
25300	NaN
25400	NaN
25500	NaN
25600	NaN
25700	NaN
25800	NaN
25900	NaN
26000	NaN
26100	NaN
26200	NaN
26300	NaN
26400	NaN
26500	NaN
26600	NaN
26700	NaN
26800	NaN
26900	NaN
27000	NaN
27100	NaN
27200	NaN
27300	NaN
27400	NaN
27500	NaN
27600	NaN
27700	NaN
27800	NaN
27900	NaN
28000	NaN
28100	NaN
28200	NaN
28300	NaN
28400	NaN
28500	NaN
28600	NaN
28700	NaN
28800	NaN
28900	NaN
29000	NaN
29100	NaN
29200	NaN
29300	NaN
29400	NaN
29500	NaN
29600	NaN
29700	NaN
29800	NaN
29900	NaN
30000	NaN
30100	NaN
30200	NaN
30300	NaN
30400	NaN
30500	NaN
30600	NaN
30700	NaN
30800	NaN
30900	NaN
31000	NaN
31100	NaN
31200	NaN
31300	NaN
31400	NaN
31500	NaN
31600	NaN
31700	NaN
31800	NaN
31900	NaN
32000	NaN
32100	NaN
32200	NaN
32300	NaN
32400	NaN
32500	NaN
32600	NaN
32700	NaN
32800	NaN
32900	NaN
33000	NaN
33100	NaN
33200	NaN
33300	NaN
33400	NaN
33500	NaN
33600	NaN
33700	NaN
33800	NaN
33900	NaN
34000	NaN
34100	NaN
34200	NaN
34300	NaN
34400	NaN
34500	NaN
34600	NaN
34700	NaN
34800	NaN
34900	NaN
35000	NaN
35100	NaN
35200	NaN
35300	NaN
35400	NaN
35500	NaN
35600	NaN
35700	NaN
35800	NaN
35900	NaN
36000	NaN
36100	NaN
36200	NaN
36300	NaN
36400	NaN
36500	NaN
36600	NaN
36700	NaN
36800	NaN
36900	NaN
37000	NaN
37100	NaN
37200	NaN
37300	NaN
37400	NaN
37500	NaN
37600	NaN
37700	NaN
37800	NaN
37900	NaN
38000	NaN
38100	NaN
38200	NaN
38300	NaN
38400	NaN
38500	NaN
38600	NaN
38700	NaN
38800	NaN
38900	NaN
39000	NaN
39100	NaN
39200	NaN
39300	NaN
39400	NaN
39500	NaN
39600	NaN
39700	NaN
39800	NaN
39900	NaN
40000	NaN
40100	NaN
40200	NaN
40300	NaN
40400	NaN
40500	NaN
40600	NaN
40700	NaN
40800	NaN
40900	NaN
41000	NaN
41100	NaN
41200	NaN
41300	NaN
41400	NaN
41500	NaN
41600	NaN
41700	NaN
41800	NaN
41900	NaN
42000	NaN
42100	NaN
42200	NaN
42300	NaN
42400	NaN
42500	NaN
42600	NaN
42700	NaN
42800	NaN
42900	NaN
43000	NaN
43100	NaN
43200	NaN
43300	NaN
43400	NaN
43500	NaN
43600	NaN
43700	NaN
43800	NaN
43900	NaN
44000	NaN
44100	NaN
44200	NaN
44300	NaN
44400	NaN
44500	NaN
44600	NaN
44700	NaN
44800	NaN
44900	NaN
45000	NaN
45100	NaN
45200	NaN
45300	NaN
45400	NaN
45500	NaN
45600	NaN
45700	NaN
45800	NaN
45900	NaN
46000	NaN
46100	NaN
46200	NaN
46300	NaN
46400	NaN
46500	NaN
46600	NaN
46700	NaN
46800	NaN
46900	NaN
47000	NaN
47100	NaN
47200	NaN
47300	NaN
47400	NaN
47500	NaN
47600	NaN
47700	NaN
47800	NaN
47900	NaN
48000	NaN
48100	NaN
48200	NaN
48300	NaN
48400	NaN
48500	NaN
48600	NaN
48700	NaN
48800	NaN
48900	NaN
49000	NaN
49100	NaN
49200	NaN
49300	NaN
49400	NaN
49500	NaN
49600	NaN
49700	NaN
49800	NaN
49900	NaN
