0.000000000000000000e+00
0.000000000000000000e+00
0.000000000000000000e+00
0.000000000000000000e+00
0.000000000000000000e+00
0.000000000000000000e+00
0.000000000000000000e+00
0.000000000000000000e+00
0.000000000000000000e+00
0.000000000000000000e+00
0.000000000000000000e+00
0.000000000000000000e+00
0.000000000000000000e+00
0.000000000000000000e+00
0.000000000000000000e+00
0.000000000000000000e+00
0.000000000000000000e+00
0.000000000000000000e+00
0.000000000000000000e+00
0.000000000000000000e+00
0.000000000000000000e+00
0.000000000000000000e+00
0.000000000000000000e+00
0.000000000000000000e+00
0.000000000000000000e+00
0.000000000000000000e+00
0.000000000000000000e+00
0.000000000000000000e+00
0.000000000000000000e+00
0.000000000000000000e+00
0.000000000000000000e+00
0.000000000000000000e+00
0.000000000000000000e+00
0.000000000000000000e+00
0.000000000000000000e+00
0.000000000000000000e+00
0.000000000000000000e+00
0.000000000000000000e+00
0.000000000000000000e+00
0.000000000000000000e+00
0.000000000000000000e+00
0.000000000000000000e+00
0.000000000000000000e+00
0.000000000000000000e+00
0.000000000000000000e+00
0.000000000000000000e+00
0.000000000000000000e+00
0.000000000000000000e+00
0.000000000000000000e+00
0.000000000000000000e+00
0.000000000000000000e+00
0.000000000000000000e+00
0.000000000000000000e+00
0.000000000000000000e+00
0.000000000000000000e+00
0.000000000000000000e+00
0.000000000000000000e+00
0.000000000000000000e+00
0.000000000000000000e+00
0.000000000000000000e+00
0.000000000000000000e+00
0.000000000000000000e+00
0.000000000000000000e+00
0.000000000000000000e+00
0.000000000000000000e+00
0.000000000000000000e+00
0.000000000000000000e+00
0.000000000000000000e+00
0.000000000000000000e+00
0.000000000000000000e+00
0.000000000000000000e+00
0.000000000000000000e+00
0.000000000000000000e+00
0.000000000000000000e+00
0.000000000000000000e+00
0.000000000000000000e+00
0.000000000000000000e+00
0.000000000000000000e+00
0.000000000000000000e+00
0.000000000000000000e+00
0.000000000000000000e+00
0.000000000000000000e+00
0.000000000000000000e+00
0.000000000000000000e+00
1.000000000000000056e-01
0.000000000000000000e+00
0.000000000000000000e+00
0.000000000000000000e+00
0.000000000000000000e+00
0.000000000000000000e+00
0.000000000000000000e+00
0.000000000000000000e+00
0.000000000000000000e+00
0.000000000000000000e+00
0.000000000000000000e+00
0.000000000000000000e+00
0.000000000000000000e+00
0.000000000000000000e+00
0.000000000000000000e+00
0.000000000000000000e+00
0.000000000000000000e+00
0.000000000000000000e+00
0.000000000000000000e+00
0.000000000000000000e+00
0.000000000000000000e+00
0.000000000000000000e+00
0.000000000000000000e+00
0.000000000000000000e+00
0.000000000000000000e+00
0.000000000000000000e+00
0.000000000000000000e+00
0.000000000000000000e+00
0.000000000000000000e+00
0.000000000000000000e+00
0.000000000000000000e+00
0.000000000000000000e+00
0.000000000000000000e+00
0.000000000000000000e+00
0.000000000000000000e+00
0.000000000000000000e+00
0.000000000000000000e+00
0.000000000000000000e+00
0.000000000000000000e+00
4.000000000000000222e-01
5.999999999999999778e-01
2.999999999999999889e-01
6.999999999999999556e-01
1.600000000000000089e+00
2.000000000000000000e+00
2.700000000000000178e+00
4.500000000000000000e+00
5.900000000000000355e+00
7.799999999999999822e+00
9.400000000000000355e+00
1.000000000000000000e+01
1.769999999999999929e+01
2.869999999999999929e+01
3.750000000000000000e+01
6.100000000000000000e+01
8.929999999999999716e+01
1.360000000000000000e+02
1.936999999999999886e+02
2.753999999999999773e+02
3.536000000000000227e+02
4.606000000000000227e+02
5.492999999999999545e+02
6.715000000000000000e+02
7.333999999999999773e+02
7.972000000000000455e+02
8.232000000000000455e+02
8.828999999999999773e+02
9.098999999999999773e+02
9.210000000000000000e+02
9.482000000000000455e+02
9.862999999999999545e+02
1.033799999999999955e+03
1.077500000000000000e+03
1.126500000000000000e+03
1.146799999999999955e+03
1.195599999999999909e+03
1.229099999999999909e+03
1.278400000000000091e+03
1.289799999999999955e+03
1.317200000000000045e+03
1.347799999999999955e+03
1.345000000000000000e+03
1.336299999999999955e+03
1.371000000000000000e+03
1.330200000000000045e+03
1.344599999999999909e+03
1.332700000000000045e+03
1.332200000000000045e+03
1.342299999999999955e+03
1.341299999999999955e+03
1.310799999999999955e+03
1.306799999999999955e+03
1.345200000000000045e+03
1.326799999999999955e+03
1.369400000000000091e+03
1.375200000000000045e+03
1.372400000000000091e+03
1.373200000000000045e+03
1.414099999999999909e+03
1.388299999999999955e+03
1.410700000000000045e+03
1.389099999999999909e+03
1.390500000000000000e+03
1.392900000000000091e+03
1.401500000000000000e+03
1.390500000000000000e+03
1.356500000000000000e+03
1.360200000000000045e+03
1.361599999999999909e+03
1.385900000000000091e+03
1.377599999999999909e+03
1.377400000000000091e+03
1.396400000000000091e+03
1.383500000000000000e+03
1.392099999999999909e+03
1.414900000000000091e+03
1.436700000000000045e+03
1.437599999999999909e+03
1.424500000000000000e+03
1.406299999999999955e+03
1.453799999999999955e+03
1.416200000000000045e+03
1.408200000000000045e+03
1.449000000000000000e+03
1.389200000000000045e+03
1.421299999999999955e+03
1.431799999999999955e+03
1.427500000000000000e+03
1.427700000000000045e+03
1.423000000000000000e+03
1.430000000000000000e+03
1.426500000000000000e+03
1.441700000000000045e+03
1.437700000000000045e+03
1.455599999999999909e+03
1.425900000000000091e+03
1.423900000000000091e+03
1.414400000000000091e+03
1.447000000000000000e+03
1.443500000000000000e+03
1.432099999999999909e+03
1.427500000000000000e+03
1.432200000000000045e+03
1.450900000000000091e+03
1.426299999999999955e+03
1.474900000000000091e+03
1.428900000000000091e+03
1.454299999999999955e+03
1.439799999999999955e+03
1.449200000000000045e+03
1.438900000000000091e+03
1.444700000000000045e+03
1.444900000000000091e+03
1.457500000000000000e+03
1.436099999999999909e+03
1.452400000000000091e+03
1.452400000000000091e+03
1.448900000000000091e+03
1.465099999999999909e+03
1.444000000000000000e+03
1.454599999999999909e+03
1.460299999999999955e+03
1.448599999999999909e+03
1.428599999999999909e+03
1.463500000000000000e+03
1.481000000000000000e+03
1.450500000000000000e+03
1.471299999999999955e+03
1.455400000000000091e+03
1.434799999999999955e+03
1.439599999999999909e+03
1.422599999999999909e+03
1.382799999999999955e+03
1.396200000000000045e+03
1.421900000000000091e+03
1.439400000000000091e+03
1.494400000000000091e+03
1.541700000000000045e+03
1.574099999999999909e+03
1.581700000000000045e+03
1.575700000000000045e+03
1.571000000000000000e+03
1.544500000000000000e+03
1.530500000000000000e+03
1.535500000000000000e+03
1.507799999999999955e+03
1.494900000000000091e+03
1.496299999999999955e+03
1.501299999999999955e+03
1.459900000000000091e+03
1.487700000000000045e+03
1.481599999999999909e+03
1.481599999999999909e+03
1.477299999999999955e+03
1.465500000000000000e+03
1.445700000000000045e+03
1.470200000000000045e+03
1.468200000000000045e+03
1.469299999999999955e+03
1.450200000000000045e+03
1.455200000000000045e+03
1.466000000000000000e+03
1.479200000000000045e+03
1.454900000000000091e+03
1.467799999999999955e+03
1.472200000000000045e+03
1.444700000000000045e+03
1.455400000000000091e+03
1.470200000000000045e+03
1.474200000000000045e+03
1.457700000000000045e+03
1.465900000000000091e+03
1.462099999999999909e+03
1.456200000000000045e+03
1.444900000000000091e+03
1.442500000000000000e+03
1.422099999999999909e+03
1.442000000000000000e+03
1.436500000000000000e+03
1.439700000000000045e+03
1.455299999999999955e+03
1.453700000000000045e+03
1.447400000000000091e+03
1.465200000000000045e+03
1.449799999999999955e+03
1.469400000000000091e+03
1.462299999999999955e+03
1.459299999999999955e+03
1.446299999999999955e+03
1.444400000000000091e+03
1.437500000000000000e+03
1.489099999999999909e+03
1.457799999999999955e+03
1.477299999999999955e+03
1.431799999999999955e+03
1.437799999999999955e+03
1.422500000000000000e+03
1.446200000000000045e+03
1.450200000000000045e+03
1.448000000000000000e+03
1.452000000000000000e+03
1.445200000000000045e+03
1.472200000000000045e+03
1.460400000000000091e+03
1.463599999999999909e+03
1.450599999999999909e+03
1.450900000000000091e+03
1.463799999999999955e+03
1.461099999999999909e+03
1.450900000000000091e+03
1.447599999999999909e+03
1.435799999999999955e+03
1.453000000000000000e+03
1.427900000000000091e+03
1.454000000000000000e+03
1.429700000000000045e+03
1.467799999999999955e+03
1.474700000000000045e+03
1.461200000000000045e+03
1.441000000000000000e+03
1.454900000000000091e+03
1.462400000000000091e+03
1.435299999999999955e+03
1.453500000000000000e+03
1.472099999999999909e+03
1.465099999999999909e+03
1.462500000000000000e+03
1.464799999999999955e+03
1.435200000000000045e+03
1.432599999999999909e+03
1.460500000000000000e+03
1.442900000000000091e+03
1.458599999999999909e+03
1.458700000000000045e+03
1.469900000000000091e+03
1.453099999999999909e+03
1.448900000000000091e+03
1.473900000000000091e+03
1.465700000000000045e+03
1.465900000000000091e+03
1.457700000000000045e+03
1.442400000000000091e+03
1.466599999999999909e+03
1.463099999999999909e+03
1.434200000000000045e+03
1.459599999999999909e+03
1.456099999999999909e+03
1.459400000000000091e+03
1.440799999999999955e+03
1.464200000000000045e+03
1.454599999999999909e+03
1.459700000000000045e+03
1.455299999999999955e+03
1.441200000000000045e+03
1.462099999999999909e+03
1.449900000000000091e+03
1.446599999999999909e+03
1.441200000000000045e+03
1.441599999999999909e+03
1.436200000000000045e+03
1.444599999999999909e+03
1.450500000000000000e+03
1.458500000000000000e+03
1.463400000000000091e+03
1.460900000000000091e+03
1.462900000000000091e+03
1.445000000000000000e+03
1.461400000000000091e+03
1.459400000000000091e+03
1.452799999999999955e+03
1.485500000000000000e+03
1.464099999999999909e+03
1.457000000000000000e+03
1.455000000000000000e+03
1.462099999999999909e+03
1.448400000000000091e+03
1.467400000000000091e+03
1.449099999999999909e+03
1.468500000000000000e+03
1.448700000000000045e+03
1.436900000000000091e+03
1.457900000000000091e+03
1.471099999999999909e+03
1.461099999999999909e+03
1.460900000000000091e+03
1.451400000000000091e+03
1.438700000000000045e+03
1.462299999999999955e+03
1.444299999999999955e+03
1.439200000000000045e+03
1.444299999999999955e+03
1.457099999999999909e+03
1.477099999999999909e+03
1.447299999999999955e+03
1.452799999999999955e+03
1.460400000000000091e+03
1.456500000000000000e+03
1.451599999999999909e+03
1.473599999999999909e+03
1.436799999999999955e+03
1.443500000000000000e+03
1.459500000000000000e+03
1.475299999999999955e+03
1.436599999999999909e+03
1.459099999999999909e+03
1.461000000000000000e+03
1.462099999999999909e+03
1.444299999999999955e+03
1.444799999999999955e+03
1.455000000000000000e+03
1.479099999999999909e+03
1.431700000000000045e+03
1.447599999999999909e+03
1.450400000000000091e+03
1.432799999999999955e+03
1.444000000000000000e+03
1.448799999999999955e+03
1.449599999999999909e+03
1.447700000000000045e+03
1.472000000000000000e+03
1.456000000000000000e+03
1.456700000000000045e+03
1.448299999999999955e+03
1.456000000000000000e+03
1.456799999999999955e+03
1.452000000000000000e+03
1.460400000000000091e+03
1.445000000000000000e+03
1.468099999999999909e+03
1.455700000000000045e+03
1.469099999999999909e+03
1.460799999999999955e+03
1.464000000000000000e+03
1.431299999999999955e+03
1.447799999999999955e+03
1.469099999999999909e+03
1.455500000000000000e+03
1.424299999999999955e+03
1.460799999999999955e+03
1.461900000000000091e+03
1.439000000000000000e+03
1.472799999999999955e+03
1.441000000000000000e+03
1.451900000000000091e+03
1.446400000000000091e+03
1.457799999999999955e+03
1.459000000000000000e+03
1.461700000000000045e+03
1.467500000000000000e+03
1.457099999999999909e+03
1.462400000000000091e+03
1.446400000000000091e+03
1.469700000000000045e+03
1.459799999999999955e+03
1.468799999999999955e+03
1.433400000000000091e+03
1.481099999999999909e+03
1.468000000000000000e+03
1.461700000000000045e+03
1.446299999999999955e+03
1.452700000000000045e+03
1.460900000000000091e+03
1.454099999999999909e+03
1.461000000000000000e+03
1.458900000000000091e+03
1.475599999999999909e+03
1.466200000000000045e+03
1.442299999999999955e+03
1.449299999999999955e+03
1.465599999999999909e+03
1.457200000000000045e+03
1.445700000000000045e+03
1.448200000000000045e+03
1.441000000000000000e+03
1.457000000000000000e+03
1.477299999999999955e+03
1.447200000000000045e+03
1.479400000000000091e+03
1.444599999999999909e+03
1.445200000000000045e+03
1.475200000000000045e+03
1.447700000000000045e+03
1.440000000000000000e+03
1.459400000000000091e+03
1.461700000000000045e+03
1.461599999999999909e+03
1.451000000000000000e+03
1.473700000000000045e+03
1.464599999999999909e+03
1.463500000000000000e+03
1.449400000000000091e+03
1.450500000000000000e+03
1.455599999999999909e+03
1.464500000000000000e+03
1.473799999999999955e+03
1.462299999999999955e+03
1.464099999999999909e+03
1.434000000000000000e+03
1.443400000000000091e+03
1.436599999999999909e+03
1.455500000000000000e+03
1.458500000000000000e+03
1.450700000000000045e+03
1.460700000000000045e+03
1.462599999999999909e+03
1.443599999999999909e+03
1.460700000000000045e+03
1.444099999999999909e+03
1.458500000000000000e+03
1.468700000000000045e+03
1.455299999999999955e+03
1.473500000000000000e+03
1.479200000000000045e+03
1.444000000000000000e+03
1.464900000000000091e+03
1.473200000000000045e+03
1.454700000000000045e+03
1.474700000000000045e+03
1.454599999999999909e+03
1.449000000000000000e+03
1.457099999999999909e+03
1.456500000000000000e+03
1.451799999999999955e+03
1.460299999999999955e+03
1.467799999999999955e+03
1.445900000000000091e+03
1.467700000000000045e+03
1.468799999999999955e+03
1.463099999999999909e+03
1.456900000000000091e+03
1.471900000000000091e+03
1.463099999999999909e+03
1.450400000000000091e+03
1.454500000000000000e+03
1.458799999999999955e+03
1.452200000000000045e+03
1.462900000000000091e+03
1.448299999999999955e+03
1.465200000000000045e+03
1.485700000000000045e+03
1.454900000000000091e+03
1.467000000000000000e+03
1.443500000000000000e+03
1.449799999999999955e+03
1.452400000000000091e+03
1.452900000000000091e+03
1.448200000000000045e+03
1.473200000000000045e+03
1.473700000000000045e+03
1.446299999999999955e+03
1.457900000000000091e+03
1.462700000000000045e+03
1.452299999999999955e+03
1.475099999999999909e+03
1.474400000000000091e+03
1.448400000000000091e+03
1.460799999999999955e+03
1.437700000000000045e+03
1.463900000000000091e+03
1.446599999999999909e+03
1.489099999999999909e+03
1.464000000000000000e+03
1.458000000000000000e+03
1.458799999999999955e+03
1.457599999999999909e+03
1.442500000000000000e+03
1.457900000000000091e+03
1.448200000000000045e+03
1.469900000000000091e+03
1.486500000000000000e+03
1.471299999999999955e+03
1.457500000000000000e+03
1.469200000000000045e+03
1.461799999999999955e+03
1.457200000000000045e+03
1.426200000000000045e+03
1.464200000000000045e+03
1.469200000000000045e+03
1.448900000000000091e+03
1.481500000000000000e+03
1.473099999999999909e+03
1.447599999999999909e+03
1.466799999999999955e+03
1.448200000000000045e+03
1.445400000000000091e+03
1.475099999999999909e+03
1.478900000000000091e+03
1.460000000000000000e+03
1.463500000000000000e+03
1.474000000000000000e+03
1.462299999999999955e+03
1.464400000000000091e+03
1.444200000000000045e+03
1.464400000000000091e+03
1.462599999999999909e+03
1.433700000000000045e+03
1.435299999999999955e+03
1.455299999999999955e+03
1.476599999999999909e+03
1.444200000000000045e+03
1.473299999999999955e+03
1.470099999999999909e+03
1.454900000000000091e+03
1.467799999999999955e+03
1.454200000000000045e+03
1.441099999999999909e+03
1.464799999999999955e+03
1.456099999999999909e+03
1.445299999999999955e+03
1.434700000000000045e+03
1.458000000000000000e+03
1.461400000000000091e+03
1.463500000000000000e+03
1.444299999999999955e+03
1.457599999999999909e+03
1.469900000000000091e+03
1.481299999999999955e+03
1.453900000000000091e+03
1.452400000000000091e+03
1.484299999999999955e+03
1.453099999999999909e+03
1.434400000000000091e+03
1.437000000000000000e+03
1.447099999999999909e+03
1.448599999999999909e+03
1.471299999999999955e+03
1.445299999999999955e+03
1.453099999999999909e+03
1.452099999999999909e+03
1.472000000000000000e+03
1.456700000000000045e+03
1.473400000000000091e+03
1.462900000000000091e+03
1.476000000000000000e+03
1.450099999999999909e+03
1.465299999999999955e+03
1.461599999999999909e+03
1.443400000000000091e+03
1.458700000000000045e+03
1.469700000000000045e+03
1.460200000000000045e+03
1.470700000000000045e+03
1.459099999999999909e+03
1.456000000000000000e+03
1.462099999999999909e+03
1.485599999999999909e+03
1.470900000000000091e+03
1.461500000000000000e+03
1.483200000000000045e+03
1.446299999999999955e+03
1.455400000000000091e+03
1.469400000000000091e+03
1.458500000000000000e+03
1.457200000000000045e+03
1.467500000000000000e+03
1.461900000000000091e+03
1.469500000000000000e+03
1.474700000000000045e+03
1.444900000000000091e+03
1.484299999999999955e+03
1.473299999999999955e+03
1.465099999999999909e+03
1.477099999999999909e+03
1.470500000000000000e+03
1.482500000000000000e+03
1.457900000000000091e+03
1.482500000000000000e+03
1.471099999999999909e+03
1.471599999999999909e+03
1.453099999999999909e+03
1.475299999999999955e+03
1.464700000000000045e+03
1.457700000000000045e+03
1.482799999999999955e+03
1.466299999999999955e+03
1.472099999999999909e+03
1.472900000000000091e+03
1.471700000000000045e+03
1.474799999999999955e+03
1.453900000000000091e+03
1.464099999999999909e+03
1.464500000000000000e+03
1.454900000000000091e+03
1.462700000000000045e+03
1.477700000000000045e+03
1.488299999999999955e+03
1.460000000000000000e+03
1.446000000000000000e+03
1.459900000000000091e+03
1.478099999999999909e+03
1.484000000000000000e+03
1.465500000000000000e+03
1.482400000000000091e+03
1.460400000000000091e+03
1.474700000000000045e+03
1.457000000000000000e+03
1.458200000000000045e+03
1.470900000000000091e+03
1.468200000000000045e+03
1.453299999999999955e+03
1.465200000000000045e+03
1.466599999999999909e+03
1.458900000000000091e+03
1.453799999999999955e+03
1.493599999999999909e+03
1.481000000000000000e+03
1.456500000000000000e+03
1.471599999999999909e+03
1.467000000000000000e+03
1.473900000000000091e+03
1.462299999999999955e+03
1.448700000000000045e+03
1.464099999999999909e+03
1.471000000000000000e+03
1.449799999999999955e+03
1.451700000000000045e+03
1.458099999999999909e+03
1.464799999999999955e+03
1.457000000000000000e+03
1.465599999999999909e+03
1.468700000000000045e+03
1.471200000000000045e+03
1.481299999999999955e+03
1.456099999999999909e+03
1.440900000000000091e+03
1.493700000000000045e+03
1.466900000000000091e+03
1.499000000000000000e+03
1.469700000000000045e+03
1.465299999999999955e+03
1.466799999999999955e+03
1.448200000000000045e+03
1.475099999999999909e+03
1.473200000000000045e+03
1.467400000000000091e+03
1.455099999999999909e+03
1.467900000000000091e+03
1.446500000000000000e+03
1.480799999999999955e+03
1.436900000000000091e+03
1.465599999999999909e+03
1.504200000000000045e+03
1.468599999999999909e+03
1.472599999999999909e+03
1.479299999999999955e+03
1.464400000000000091e+03
1.445900000000000091e+03
1.459000000000000000e+03
1.471400000000000091e+03
1.467099999999999909e+03
1.450099999999999909e+03
1.466500000000000000e+03
1.431200000000000045e+03
1.489700000000000045e+03
1.458000000000000000e+03
1.485099999999999909e+03
1.476599999999999909e+03
1.471900000000000091e+03
1.461400000000000091e+03
1.437000000000000000e+03
1.455799999999999955e+03
1.460000000000000000e+03
1.478400000000000091e+03
1.482400000000000091e+03
1.453000000000000000e+03
1.473099999999999909e+03
1.464299999999999955e+03
1.457099999999999909e+03
1.468599999999999909e+03
1.468400000000000091e+03
1.465299999999999955e+03
1.471299999999999955e+03
1.460500000000000000e+03
1.476400000000000091e+03
1.471299999999999955e+03
1.479700000000000045e+03
1.470099999999999909e+03
1.479500000000000000e+03
1.475500000000000000e+03
1.468099999999999909e+03
1.464599999999999909e+03
1.479900000000000091e+03
1.467099999999999909e+03
1.468599999999999909e+03
1.475700000000000045e+03
1.494599999999999909e+03
1.467200000000000045e+03
1.451500000000000000e+03
1.451200000000000045e+03
1.473200000000000045e+03
1.468500000000000000e+03
1.461400000000000091e+03
1.471500000000000000e+03
1.456900000000000091e+03
1.453799999999999955e+03
1.466799999999999955e+03
1.455400000000000091e+03
1.468599999999999909e+03
1.471299999999999955e+03
1.487799999999999955e+03
1.452099999999999909e+03
1.468200000000000045e+03
1.452000000000000000e+03
1.445500000000000000e+03
1.452500000000000000e+03
1.467700000000000045e+03
1.470299999999999955e+03
1.450500000000000000e+03
1.451900000000000091e+03
1.464200000000000045e+03
1.459400000000000091e+03
1.462099999999999909e+03
1.467299999999999955e+03
1.490599999999999909e+03
1.471799999999999955e+03
1.455799999999999955e+03
1.454400000000000091e+03
1.463500000000000000e+03
1.475700000000000045e+03
1.451599999999999909e+03
1.454700000000000045e+03
1.459700000000000045e+03
1.481500000000000000e+03
1.467299999999999955e+03
1.471799999999999955e+03
1.479700000000000045e+03
1.472599999999999909e+03
1.485299999999999955e+03
1.482200000000000045e+03
1.471400000000000091e+03
1.463900000000000091e+03
1.457299999999999955e+03
1.451500000000000000e+03
1.455200000000000045e+03
1.449799999999999955e+03
1.453099999999999909e+03
1.452400000000000091e+03
1.458900000000000091e+03
1.464200000000000045e+03
1.463599999999999909e+03
1.458900000000000091e+03
1.468099999999999909e+03
1.462400000000000091e+03
1.456400000000000091e+03
1.481099999999999909e+03
1.465799999999999955e+03
1.470599999999999909e+03
1.470000000000000000e+03
1.468099999999999909e+03
1.457900000000000091e+03
1.453900000000000091e+03
1.489299999999999955e+03
1.468200000000000045e+03
1.471200000000000045e+03
1.447200000000000045e+03
1.466299999999999955e+03
1.466299999999999955e+03
1.489200000000000045e+03
1.470000000000000000e+03
1.484900000000000091e+03
1.469099999999999909e+03
1.450799999999999955e+03
1.469400000000000091e+03
1.463599999999999909e+03
1.462400000000000091e+03
1.437500000000000000e+03
1.460200000000000045e+03
1.459900000000000091e+03
1.479700000000000045e+03
1.445599999999999909e+03
1.455700000000000045e+03
1.450299999999999955e+03
1.480700000000000045e+03
1.459700000000000045e+03
1.469299999999999955e+03
1.478200000000000045e+03
1.445500000000000000e+03
1.437099999999999909e+03
1.448900000000000091e+03
1.449799999999999955e+03
1.463900000000000091e+03
1.454599999999999909e+03
1.464400000000000091e+03
1.464500000000000000e+03
1.443599999999999909e+03
1.452900000000000091e+03
1.465500000000000000e+03
1.460400000000000091e+03
1.478299999999999955e+03
1.461700000000000045e+03
1.465099999999999909e+03
1.446400000000000091e+03
1.452599999999999909e+03
1.474599999999999909e+03
1.474900000000000091e+03
1.471299999999999955e+03
1.466099999999999909e+03
1.451599999999999909e+03
1.460200000000000045e+03
1.463299999999999955e+03
1.463200000000000045e+03
1.456000000000000000e+03
1.425700000000000045e+03
1.481200000000000045e+03
1.445599999999999909e+03
1.460799999999999955e+03
1.455200000000000045e+03
1.445099999999999909e+03
1.467099999999999909e+03
1.456400000000000091e+03
1.453400000000000091e+03
1.480599999999999909e+03
1.454900000000000091e+03
1.486099999999999909e+03
1.478799999999999955e+03
1.443099999999999909e+03
1.454299999999999955e+03
1.458500000000000000e+03
1.457099999999999909e+03
1.467799999999999955e+03
1.469700000000000045e+03
1.463299999999999955e+03
1.462099999999999909e+03
1.451400000000000091e+03
1.473700000000000045e+03
1.467099999999999909e+03
1.457599999999999909e+03
1.460500000000000000e+03
1.463799999999999955e+03
1.481200000000000045e+03
1.461700000000000045e+03
1.462500000000000000e+03
1.470200000000000045e+03
1.467200000000000045e+03
1.452599999999999909e+03
1.474799999999999955e+03
1.452099999999999909e+03
1.453000000000000000e+03
1.472099999999999909e+03
1.471799999999999955e+03
1.471000000000000000e+03
1.447599999999999909e+03
1.458799999999999955e+03
1.460200000000000045e+03
1.451500000000000000e+03
1.469500000000000000e+03
1.463500000000000000e+03
1.452200000000000045e+03
1.446400000000000091e+03
1.450500000000000000e+03
1.465200000000000045e+03
1.445599999999999909e+03
1.442200000000000045e+03
1.463500000000000000e+03
1.469900000000000091e+03
1.466799999999999955e+03
1.458099999999999909e+03
1.468099999999999909e+03
1.450099999999999909e+03
1.479400000000000091e+03
1.462000000000000000e+03
1.455799999999999955e+03
1.464599999999999909e+03
1.446200000000000045e+03
1.471599999999999909e+03
1.468000000000000000e+03
1.451299999999999955e+03
1.452000000000000000e+03
1.475900000000000091e+03
1.439200000000000045e+03
1.455700000000000045e+03
1.461299999999999955e+03
1.444900000000000091e+03
1.452000000000000000e+03
1.425700000000000045e+03
