"Time (ps)"	"Channel 1 - Count rate (counts/s)"
0	NaN
1000000000000	NaN
2000000000000	NaN
3000000000000	NaN
4000000000000	NaN
5000000000000	NaN
6000000000000	NaN
7000000000000	NaN
8000000000000	NaN
9000000000000	NaN
10000000000000	NaN
11000000000000	NaN
12000000000000	NaN
13000000000000	NaN
14000000000000	NaN
15000000000000	NaN
16000000000000	NaN
17000000000000	NaN
18000000000000	NaN
19000000000000	NaN
20000000000000	NaN
21000000000000	NaN
22000000000000	NaN
23000000000000	NaN
24000000000000	NaN
25000000000000	NaN
26000000000000	NaN
27000000000000	NaN
28000000000000	NaN
29000000000000	NaN
30000000000000	NaN
31000000000000	NaN
32000000000000	NaN
33000000000000	NaN
34000000000000	NaN
35000000000000	NaN
36000000000000	NaN
37000000000000	NaN
38000000000000	NaN
39000000000000	NaN
40000000000000	NaN
41000000000000	NaN
42000000000000	NaN
43000000000000	NaN
44000000000000	NaN
45000000000000	NaN
46000000000000	NaN
47000000000000	NaN
48000000000000	NaN
49000000000000	NaN
50000000000000	NaN
51000000000000	NaN
52000000000000	NaN
53000000000000	NaN
54000000000000	NaN
55000000000000	NaN
56000000000000	NaN
57000000000000	NaN
58000000000000	NaN
59000000000000	NaN
60000000000000	NaN
61000000000000	NaN
62000000000000	NaN
63000000000000	NaN
64000000000000	NaN
65000000000000	NaN
66000000000000	NaN
67000000000000	NaN
68000000000000	NaN
69000000000000	NaN
70000000000000	NaN
71000000000000	NaN
72000000000000	NaN
73000000000000	NaN
74000000000000	NaN
75000000000000	NaN
76000000000000	NaN
77000000000000	NaN
78000000000000	NaN
79000000000000	NaN
80000000000000	NaN
81000000000000	NaN
82000000000000	NaN
83000000000000	NaN
84000000000000	NaN
85000000000000	NaN
86000000000000	NaN
87000000000000	NaN
88000000000000	NaN
89000000000000	NaN
90000000000000	NaN
91000000000000	NaN
92000000000000	NaN
93000000000000	NaN
94000000000000	NaN
95000000000000	NaN
96000000000000	NaN
97000000000000	NaN
98000000000000	NaN
99000000000000	NaN
100000000000000	NaN
101000000000000	NaN
102000000000000	NaN
103000000000000	NaN
104000000000000	NaN
105000000000000	NaN
106000000000000	NaN
107000000000000	NaN
108000000000000	NaN
109000000000000	NaN
110000000000000	NaN
111000000000000	NaN
112000000000000	NaN
113000000000000	NaN
114000000000000	NaN
115000000000000	NaN
116000000000000	NaN
117000000000000	NaN
118000000000000	NaN
119000000000000	NaN
120000000000000	NaN
121000000000000	NaN
122000000000000	NaN
123000000000000	NaN
124000000000000	NaN
125000000000000	NaN
126000000000000	NaN
127000000000000	NaN
128000000000000	NaN
129000000000000	NaN
130000000000000	NaN
131000000000000	NaN
132000000000000	NaN
133000000000000	NaN
134000000000000	NaN
135000000000000	NaN
136000000000000	NaN
137000000000000	NaN
138000000000000	NaN
139000000000000	NaN
140000000000000	NaN
141000000000000	NaN
142000000000000	NaN
143000000000000	NaN
144000000000000	NaN
145000000000000	NaN
146000000000000	NaN
147000000000000	NaN
148000000000000	NaN
149000000000000	NaN
150000000000000	NaN
151000000000000	NaN
152000000000000	NaN
153000000000000	NaN
154000000000000	NaN
155000000000000	NaN
156000000000000	NaN
157000000000000	NaN
158000000000000	NaN
159000000000000	NaN
160000000000000	NaN
161000000000000	NaN
162000000000000	NaN
163000000000000	NaN
164000000000000	NaN
165000000000000	NaN
166000000000000	NaN
167000000000000	NaN
168000000000000	NaN
169000000000000	NaN
170000000000000	NaN
171000000000000	NaN
172000000000000	NaN
173000000000000	NaN
174000000000000	NaN
175000000000000	NaN
176000000000000	NaN
177000000000000	NaN
178000000000000	NaN
179000000000000	NaN
180000000000000	NaN
181000000000000	NaN
182000000000000	NaN
183000000000000	NaN
184000000000000	NaN
185000000000000	NaN
186000000000000	NaN
187000000000000	NaN
188000000000000	NaN
189000000000000	NaN
190000000000000	NaN
191000000000000	NaN
192000000000000	NaN
193000000000000	NaN
194000000000000	NaN
195000000000000	NaN
196000000000000	NaN
197000000000000	NaN
198000000000000	NaN
199000000000000	NaN
200000000000000	NaN
201000000000000	NaN
202000000000000	NaN
203000000000000	NaN
204000000000000	NaN
205000000000000	NaN
206000000000000	NaN
207000000000000	NaN
208000000000000	NaN
209000000000000	NaN
210000000000000	NaN
211000000000000	NaN
212000000000000	NaN
213000000000000	NaN
214000000000000	NaN
215000000000000	NaN
216000000000000	NaN
217000000000000	NaN
218000000000000	NaN
219000000000000	NaN
220000000000000	NaN
221000000000000	NaN
222000000000000	NaN
223000000000000	NaN
224000000000000	NaN
225000000000000	NaN
226000000000000	NaN
227000000000000	NaN
228000000000000	NaN
229000000000000	NaN
230000000000000	NaN
231000000000000	NaN
232000000000000	NaN
233000000000000	NaN
234000000000000	NaN
235000000000000	NaN
236000000000000	NaN
237000000000000	NaN
238000000000000	NaN
239000000000000	NaN
240000000000000	NaN
241000000000000	NaN
242000000000000	NaN
243000000000000	NaN
244000000000000	NaN
245000000000000	NaN
246000000000000	NaN
247000000000000	NaN
248000000000000	NaN
249000000000000	NaN
250000000000000	NaN
251000000000000	NaN
252000000000000	NaN
253000000000000	NaN
254000000000000	NaN
255000000000000	NaN
256000000000000	NaN
257000000000000	NaN
258000000000000	NaN
259000000000000	NaN
260000000000000	NaN
261000000000000	NaN
262000000000000	NaN
263000000000000	NaN
264000000000000	NaN
265000000000000	NaN
266000000000000	NaN
267000000000000	NaN
268000000000000	NaN
269000000000000	NaN
270000000000000	NaN
271000000000000	NaN
272000000000000	NaN
273000000000000	NaN
274000000000000	NaN
275000000000000	NaN
276000000000000	NaN
277000000000000	NaN
278000000000000	NaN
279000000000000	NaN
280000000000000	NaN
281000000000000	NaN
282000000000000	NaN
283000000000000	NaN
284000000000000	NaN
285000000000000	NaN
286000000000000	NaN
287000000000000	NaN
288000000000000	NaN
289000000000000	NaN
290000000000000	NaN
291000000000000	NaN
292000000000000	NaN
293000000000000	NaN
294000000000000	NaN
295000000000000	NaN
296000000000000	NaN
297000000000000	NaN
298000000000000	NaN
299000000000000	NaN
300000000000000	NaN
301000000000000	NaN
302000000000000	NaN
303000000000000	NaN
304000000000000	NaN
305000000000000	NaN
306000000000000	NaN
307000000000000	NaN
308000000000000	NaN
309000000000000	NaN
310000000000000	NaN
311000000000000	NaN
312000000000000	NaN
313000000000000	NaN
314000000000000	NaN
315000000000000	NaN
316000000000000	NaN
317000000000000	NaN
318000000000000	NaN
319000000000000	NaN
320000000000000	NaN
321000000000000	NaN
322000000000000	NaN
323000000000000	NaN
324000000000000	NaN
325000000000000	NaN
326000000000000	NaN
327000000000000	NaN
328000000000000	NaN
329000000000000	NaN
330000000000000	NaN
331000000000000	NaN
332000000000000	NaN
333000000000000	NaN
334000000000000	NaN
335000000000000	NaN
336000000000000	NaN
337000000000000	NaN
338000000000000	NaN
339000000000000	NaN
340000000000000	NaN
341000000000000	NaN
342000000000000	NaN
343000000000000	NaN
344000000000000	NaN
345000000000000	NaN
346000000000000	NaN
347000000000000	NaN
348000000000000	NaN
349000000000000	NaN
350000000000000	NaN
351000000000000	NaN
352000000000000	NaN
353000000000000	NaN
354000000000000	NaN
355000000000000	NaN
356000000000000	NaN
357000000000000	NaN
358000000000000	NaN
359000000000000	NaN
360000000000000	NaN
361000000000000	NaN
362000000000000	NaN
363000000000000	NaN
364000000000000	NaN
365000000000000	NaN
366000000000000	NaN
367000000000000	NaN
368000000000000	NaN
369000000000000	NaN
370000000000000	NaN
371000000000000	NaN
372000000000000	NaN
373000000000000	NaN
374000000000000	NaN
375000000000000	NaN
376000000000000	NaN
377000000000000	NaN
378000000000000	NaN
379000000000000	NaN
380000000000000	NaN
381000000000000	NaN
382000000000000	NaN
383000000000000	NaN
384000000000000	NaN
385000000000000	NaN
386000000000000	NaN
387000000000000	NaN
388000000000000	NaN
389000000000000	NaN
390000000000000	NaN
391000000000000	NaN
392000000000000	NaN
393000000000000	NaN
394000000000000	NaN
395000000000000	NaN
396000000000000	NaN
397000000000000	NaN
398000000000000	NaN
399000000000000	NaN
400000000000000	NaN
401000000000000	NaN
402000000000000	NaN
403000000000000	NaN
404000000000000	NaN
405000000000000	NaN
406000000000000	NaN
407000000000000	NaN
408000000000000	NaN
409000000000000	NaN
410000000000000	NaN
411000000000000	NaN
412000000000000	NaN
413000000000000	NaN
414000000000000	NaN
415000000000000	NaN
416000000000000	NaN
417000000000000	NaN
418000000000000	NaN
419000000000000	NaN
420000000000000	NaN
421000000000000	NaN
422000000000000	NaN
423000000000000	NaN
424000000000000	NaN
425000000000000	NaN
426000000000000	NaN
427000000000000	NaN
428000000000000	NaN
429000000000000	NaN
430000000000000	NaN
431000000000000	NaN
432000000000000	NaN
433000000000000	NaN
434000000000000	NaN
435000000000000	NaN
436000000000000	NaN
437000000000000	NaN
438000000000000	NaN
439000000000000	NaN
440000000000000	NaN
441000000000000	NaN
442000000000000	NaN
443000000000000	NaN
444000000000000	NaN
445000000000000	NaN
446000000000000	NaN
447000000000000	NaN
448000000000000	NaN
449000000000000	NaN
450000000000000	NaN
451000000000000	NaN
452000000000000	NaN
453000000000000	NaN
454000000000000	NaN
455000000000000	NaN
456000000000000	NaN
457000000000000	NaN
458000000000000	NaN
459000000000000	NaN
460000000000000	NaN
461000000000000	NaN
462000000000000	NaN
463000000000000	NaN
464000000000000	NaN
465000000000000	NaN
466000000000000	NaN
467000000000000	NaN
468000000000000	NaN
469000000000000	NaN
470000000000000	NaN
471000000000000	NaN
472000000000000	NaN
473000000000000	NaN
474000000000000	NaN
475000000000000	NaN
476000000000000	NaN
477000000000000	NaN
478000000000000	NaN
479000000000000	NaN
480000000000000	NaN
481000000000000	NaN
482000000000000	NaN
483000000000000	NaN
484000000000000	NaN
485000000000000	NaN
486000000000000	NaN
487000000000000	NaN
488000000000000	NaN
489000000000000	NaN
490000000000000	NaN
491000000000000	NaN
492000000000000	NaN
493000000000000	NaN
494000000000000	NaN
495000000000000	NaN
496000000000000	NaN
497000000000000	NaN
498000000000000	NaN
499000000000000	NaN
500000000000000	NaN
501000000000000	NaN
502000000000000	NaN
503000000000000	NaN
504000000000000	NaN
505000000000000	NaN
506000000000000	NaN
507000000000000	NaN
508000000000000	NaN
509000000000000	NaN
510000000000000	NaN
511000000000000	NaN
512000000000000	NaN
513000000000000	NaN
514000000000000	NaN
515000000000000	NaN
516000000000000	NaN
517000000000000	NaN
518000000000000	NaN
519000000000000	NaN
520000000000000	NaN
521000000000000	NaN
522000000000000	NaN
523000000000000	NaN
524000000000000	NaN
525000000000000	NaN
526000000000000	NaN
527000000000000	NaN
528000000000000	NaN
529000000000000	NaN
530000000000000	NaN
531000000000000	NaN
532000000000000	NaN
533000000000000	NaN
534000000000000	NaN
535000000000000	NaN
536000000000000	NaN
537000000000000	NaN
538000000000000	NaN
539000000000000	NaN
540000000000000	NaN
541000000000000	NaN
542000000000000	NaN
543000000000000	NaN
544000000000000	NaN
545000000000000	NaN
546000000000000	NaN
547000000000000	NaN
548000000000000	NaN
549000000000000	NaN
550000000000000	NaN
551000000000000	NaN
552000000000000	NaN
553000000000000	NaN
554000000000000	NaN
555000000000000	NaN
556000000000000	NaN
557000000000000	NaN
558000000000000	NaN
559000000000000	NaN
560000000000000	NaN
561000000000000	NaN
562000000000000	NaN
563000000000000	NaN
564000000000000	NaN
565000000000000	NaN
566000000000000	NaN
567000000000000	NaN
568000000000000	NaN
569000000000000	NaN
570000000000000	NaN
571000000000000	NaN
572000000000000	NaN
573000000000000	NaN
574000000000000	NaN
575000000000000	NaN
576000000000000	NaN
577000000000000	NaN
578000000000000	NaN
579000000000000	NaN
580000000000000	NaN
581000000000000	NaN
582000000000000	NaN
583000000000000	NaN
584000000000000	NaN
585000000000000	NaN
586000000000000	NaN
587000000000000	NaN
588000000000000	NaN
589000000000000	NaN
590000000000000	NaN
591000000000000	NaN
592000000000000	NaN
593000000000000	NaN
594000000000000	NaN
595000000000000	NaN
596000000000000	NaN
597000000000000	NaN
598000000000000	NaN
599000000000000	NaN
600000000000000	NaN
601000000000000	NaN
602000000000000	NaN
603000000000000	NaN
604000000000000	NaN
605000000000000	NaN
606000000000000	NaN
607000000000000	NaN
608000000000000	NaN
609000000000000	NaN
610000000000000	NaN
611000000000000	NaN
612000000000000	NaN
613000000000000	NaN
614000000000000	NaN
615000000000000	NaN
616000000000000	NaN
617000000000000	NaN
618000000000000	NaN
619000000000000	NaN
620000000000000	NaN
621000000000000	NaN
622000000000000	NaN
623000000000000	NaN
624000000000000	NaN
625000000000000	NaN
626000000000000	NaN
627000000000000	NaN
628000000000000	NaN
629000000000000	NaN
630000000000000	NaN
631000000000000	NaN
632000000000000	NaN
633000000000000	NaN
634000000000000	NaN
635000000000000	NaN
636000000000000	NaN
637000000000000	NaN
638000000000000	NaN
639000000000000	NaN
640000000000000	NaN
641000000000000	NaN
642000000000000	NaN
643000000000000	NaN
644000000000000	NaN
645000000000000	NaN
646000000000000	NaN
647000000000000	NaN
648000000000000	NaN
649000000000000	NaN
650000000000000	NaN
651000000000000	NaN
652000000000000	NaN
653000000000000	NaN
654000000000000	NaN
655000000000000	NaN
656000000000000	NaN
657000000000000	NaN
658000000000000	NaN
659000000000000	NaN
660000000000000	NaN
661000000000000	NaN
662000000000000	NaN
663000000000000	NaN
664000000000000	NaN
665000000000000	NaN
666000000000000	NaN
667000000000000	NaN
668000000000000	NaN
669000000000000	NaN
670000000000000	NaN
671000000000000	NaN
672000000000000	NaN
673000000000000	NaN
674000000000000	NaN
675000000000000	NaN
676000000000000	NaN
677000000000000	NaN
678000000000000	NaN
679000000000000	NaN
680000000000000	NaN
681000000000000	NaN
682000000000000	NaN
683000000000000	NaN
684000000000000	NaN
685000000000000	NaN
686000000000000	NaN
687000000000000	NaN
688000000000000	NaN
689000000000000	NaN
690000000000000	NaN
691000000000000	NaN
692000000000000	NaN
693000000000000	NaN
694000000000000	NaN
695000000000000	NaN
696000000000000	NaN
697000000000000	NaN
698000000000000	NaN
699000000000000	NaN
700000000000000	NaN
701000000000000	NaN
702000000000000	NaN
703000000000000	NaN
704000000000000	NaN
705000000000000	NaN
706000000000000	NaN
707000000000000	NaN
708000000000000	NaN
709000000000000	NaN
710000000000000	NaN
711000000000000	NaN
712000000000000	NaN
713000000000000	NaN
714000000000000	NaN
715000000000000	NaN
716000000000000	NaN
717000000000000	NaN
718000000000000	NaN
719000000000000	NaN
720000000000000	NaN
721000000000000	NaN
722000000000000	NaN
723000000000000	NaN
724000000000000	NaN
725000000000000	NaN
726000000000000	NaN
727000000000000	NaN
728000000000000	NaN
729000000000000	NaN
730000000000000	NaN
731000000000000	NaN
732000000000000	NaN
733000000000000	NaN
734000000000000	NaN
735000000000000	NaN
736000000000000	NaN
737000000000000	NaN
738000000000000	NaN
739000000000000	NaN
740000000000000	NaN
741000000000000	NaN
742000000000000	NaN
743000000000000	NaN
744000000000000	NaN
745000000000000	NaN
746000000000000	NaN
747000000000000	NaN
748000000000000	NaN
749000000000000	NaN
750000000000000	NaN
751000000000000	NaN
752000000000000	NaN
753000000000000	NaN
754000000000000	NaN
755000000000000	NaN
756000000000000	NaN
757000000000000	NaN
758000000000000	NaN
759000000000000	NaN
760000000000000	NaN
761000000000000	NaN
762000000000000	NaN
763000000000000	NaN
764000000000000	NaN
765000000000000	NaN
766000000000000	NaN
767000000000000	NaN
768000000000000	NaN
769000000000000	NaN
770000000000000	NaN
771000000000000	NaN
772000000000000	NaN
773000000000000	NaN
774000000000000	NaN
775000000000000	NaN
776000000000000	NaN
777000000000000	NaN
778000000000000	NaN
779000000000000	NaN
780000000000000	NaN
781000000000000	NaN
782000000000000	NaN
783000000000000	NaN
784000000000000	NaN
785000000000000	NaN
786000000000000	NaN
787000000000000	NaN
788000000000000	NaN
789000000000000	NaN
790000000000000	NaN
791000000000000	NaN
792000000000000	NaN
793000000000000	NaN
794000000000000	NaN
795000000000000	NaN
796000000000000	NaN
797000000000000	NaN
798000000000000	NaN
799000000000000	NaN
800000000000000	NaN
801000000000000	NaN
802000000000000	NaN
803000000000000	NaN
804000000000000	NaN
805000000000000	NaN
806000000000000	NaN
807000000000000	NaN
808000000000000	NaN
809000000000000	NaN
810000000000000	NaN
811000000000000	NaN
812000000000000	NaN
813000000000000	NaN
814000000000000	NaN
815000000000000	NaN
816000000000000	NaN
817000000000000	NaN
818000000000000	NaN
819000000000000	NaN
820000000000000	NaN
821000000000000	NaN
822000000000000	NaN
823000000000000	NaN
824000000000000	NaN
825000000000000	NaN
826000000000000	NaN
827000000000000	NaN
828000000000000	NaN
829000000000000	NaN
830000000000000	NaN
831000000000000	NaN
832000000000000	NaN
833000000000000	NaN
834000000000000	NaN
835000000000000	NaN
836000000000000	NaN
837000000000000	NaN
838000000000000	NaN
839000000000000	NaN
840000000000000	NaN
841000000000000	NaN
842000000000000	NaN
843000000000000	NaN
844000000000000	NaN
845000000000000	NaN
846000000000000	NaN
847000000000000	NaN
848000000000000	NaN
849000000000000	NaN
850000000000000	NaN
851000000000000	NaN
852000000000000	NaN
853000000000000	NaN
854000000000000	NaN
855000000000000	NaN
856000000000000	NaN
857000000000000	NaN
858000000000000	NaN
859000000000000	NaN
860000000000000	NaN
861000000000000	NaN
862000000000000	NaN
863000000000000	NaN
864000000000000	NaN
865000000000000	NaN
866000000000000	NaN
867000000000000	NaN
868000000000000	NaN
869000000000000	NaN
870000000000000	NaN
871000000000000	NaN
872000000000000	NaN
873000000000000	NaN
874000000000000	NaN
875000000000000	NaN
876000000000000	NaN
877000000000000	NaN
878000000000000	NaN
879000000000000	NaN
880000000000000	NaN
881000000000000	NaN
882000000000000	NaN
883000000000000	NaN
884000000000000	NaN
885000000000000	NaN
886000000000000	NaN
887000000000000	NaN
888000000000000	NaN
889000000000000	NaN
890000000000000	NaN
891000000000000	NaN
892000000000000	NaN
893000000000000	NaN
894000000000000	NaN
895000000000000	NaN
896000000000000	NaN
897000000000000	NaN
898000000000000	NaN
899000000000000	NaN
900000000000000	NaN
901000000000000	NaN
902000000000000	NaN
903000000000000	NaN
904000000000000	NaN
905000000000000	NaN
906000000000000	NaN
907000000000000	NaN
908000000000000	NaN
909000000000000	NaN
910000000000000	NaN
911000000000000	NaN
912000000000000	NaN
913000000000000	NaN
914000000000000	NaN
915000000000000	NaN
916000000000000	NaN
917000000000000	NaN
918000000000000	NaN
919000000000000	NaN
920000000000000	NaN
921000000000000	NaN
922000000000000	NaN
923000000000000	NaN
924000000000000	NaN
925000000000000	NaN
926000000000000	NaN
927000000000000	NaN
928000000000000	NaN
929000000000000	NaN
930000000000000	NaN
931000000000000	NaN
932000000000000	NaN
933000000000000	NaN
934000000000000	NaN
935000000000000	NaN
936000000000000	NaN
937000000000000	NaN
938000000000000	NaN
939000000000000	NaN
940000000000000	NaN
941000000000000	NaN
942000000000000	NaN
943000000000000	NaN
944000000000000	NaN
945000000000000	NaN
946000000000000	NaN
947000000000000	NaN
948000000000000	NaN
949000000000000	NaN
950000000000000	NaN
951000000000000	NaN
952000000000000	NaN
953000000000000	NaN
954000000000000	NaN
955000000000000	NaN
956000000000000	NaN
957000000000000	NaN
958000000000000	NaN
959000000000000	NaN
960000000000000	NaN
961000000000000	NaN
962000000000000	NaN
963000000000000	NaN
964000000000000	NaN
965000000000000	NaN
966000000000000	NaN
967000000000000	NaN
968000000000000	NaN
969000000000000	NaN
970000000000000	NaN
971000000000000	NaN
972000000000000	NaN
973000000000000	NaN
974000000000000	NaN
975000000000000	NaN
976000000000000	NaN
977000000000000	NaN
978000000000000	NaN
979000000000000	NaN
980000000000000	NaN
981000000000000	NaN
982000000000000	NaN
983000000000000	NaN
984000000000000	NaN
985000000000000	NaN
986000000000000	NaN
987000000000000	NaN
988000000000000	NaN
989000000000000	NaN
990000000000000	NaN
991000000000000	NaN
992000000000000	NaN
993000000000000	NaN
994000000000000	NaN
995000000000000	NaN
996000000000000	NaN
997000000000000	NaN
998000000000000	NaN
999000000000000	NaN
1000000000000000	NaN
1001000000000000	NaN
1002000000000000	NaN
1003000000000000	NaN
1004000000000000	NaN
1005000000000000	NaN
1006000000000000	NaN
1007000000000000	NaN
1008000000000000	NaN
1009000000000000	NaN
1010000000000000	NaN
1011000000000000	NaN
1012000000000000	NaN
1013000000000000	NaN
1014000000000000	NaN
1015000000000000	NaN
1016000000000000	NaN
1017000000000000	NaN
1018000000000000	NaN
1019000000000000	NaN
1020000000000000	NaN
1021000000000000	NaN
1022000000000000	NaN
1023000000000000	NaN
1024000000000000	NaN
1025000000000000	NaN
1026000000000000	NaN
1027000000000000	NaN
1028000000000000	NaN
1029000000000000	NaN
1030000000000000	NaN
1031000000000000	NaN
1032000000000000	NaN
1033000000000000	NaN
1034000000000000	NaN
1035000000000000	NaN
1036000000000000	NaN
1037000000000000	NaN
1038000000000000	NaN
1039000000000000	NaN
1040000000000000	NaN
1041000000000000	NaN
1042000000000000	NaN
1043000000000000	NaN
1044000000000000	NaN
1045000000000000	NaN
1046000000000000	NaN
1047000000000000	NaN
1048000000000000	NaN
1049000000000000	NaN
1050000000000000	NaN
1051000000000000	NaN
1052000000000000	NaN
1053000000000000	NaN
1054000000000000	NaN
1055000000000000	NaN
1056000000000000	NaN
1057000000000000	NaN
1058000000000000	NaN
1059000000000000	NaN
1060000000000000	NaN
1061000000000000	NaN
1062000000000000	NaN
1063000000000000	NaN
1064000000000000	NaN
1065000000000000	NaN
1066000000000000	NaN
1067000000000000	NaN
1068000000000000	NaN
1069000000000000	NaN
1070000000000000	NaN
1071000000000000	NaN
1072000000000000	NaN
1073000000000000	NaN
1074000000000000	NaN
1075000000000000	NaN
1076000000000000	NaN
1077000000000000	NaN
1078000000000000	NaN
1079000000000000	NaN
1080000000000000	NaN
1081000000000000	NaN
1082000000000000	NaN
1083000000000000	NaN
1084000000000000	NaN
1085000000000000	NaN
1086000000000000	NaN
1087000000000000	NaN
1088000000000000	NaN
1089000000000000	NaN
1090000000000000	NaN
1091000000000000	NaN
1092000000000000	NaN
1093000000000000	NaN
1094000000000000	NaN
1095000000000000	NaN
1096000000000000	NaN
1097000000000000	NaN
1098000000000000	NaN
1099000000000000	NaN
1100000000000000	NaN
1101000000000000	NaN
1102000000000000	NaN
1103000000000000	NaN
1104000000000000	NaN
1105000000000000	NaN
1106000000000000	NaN
1107000000000000	NaN
1108000000000000	NaN
1109000000000000	NaN
1110000000000000	NaN
1111000000000000	NaN
1112000000000000	NaN
1113000000000000	NaN
1114000000000000	NaN
1115000000000000	NaN
1116000000000000	NaN
1117000000000000	NaN
1118000000000000	NaN
1119000000000000	NaN
1120000000000000	NaN
1121000000000000	NaN
1122000000000000	NaN
1123000000000000	NaN
1124000000000000	NaN
1125000000000000	NaN
1126000000000000	NaN
1127000000000000	NaN
1128000000000000	NaN
1129000000000000	NaN
1130000000000000	NaN
1131000000000000	NaN
1132000000000000	NaN
1133000000000000	NaN
1134000000000000	NaN
1135000000000000	NaN
1136000000000000	NaN
1137000000000000	NaN
1138000000000000	NaN
1139000000000000	NaN
1140000000000000	NaN
1141000000000000	NaN
1142000000000000	NaN
1143000000000000	NaN
1144000000000000	NaN
1145000000000000	NaN
1146000000000000	NaN
1147000000000000	NaN
1148000000000000	NaN
1149000000000000	NaN
1150000000000000	NaN
1151000000000000	NaN
1152000000000000	NaN
1153000000000000	NaN
1154000000000000	NaN
1155000000000000	NaN
1156000000000000	NaN
1157000000000000	NaN
1158000000000000	NaN
1159000000000000	NaN
1160000000000000	NaN
1161000000000000	NaN
1162000000000000	NaN
1163000000000000	NaN
1164000000000000	NaN
1165000000000000	NaN
1166000000000000	NaN
1167000000000000	NaN
1168000000000000	NaN
1169000000000000	NaN
1170000000000000	NaN
1171000000000000	NaN
1172000000000000	NaN
1173000000000000	NaN
1174000000000000	NaN
1175000000000000	NaN
1176000000000000	NaN
1177000000000000	NaN
1178000000000000	NaN
1179000000000000	NaN
1180000000000000	NaN
1181000000000000	NaN
1182000000000000	NaN
1183000000000000	NaN
1184000000000000	NaN
1185000000000000	NaN
1186000000000000	NaN
1187000000000000	NaN
1188000000000000	NaN
1189000000000000	NaN
1190000000000000	NaN
1191000000000000	NaN
1192000000000000	NaN
1193000000000000	NaN
1194000000000000	NaN
1195000000000000	NaN
1196000000000000	NaN
1197000000000000	NaN
1198000000000000	NaN
1199000000000000	NaN
1200000000000000	NaN
1201000000000000	NaN
1202000000000000	NaN
1203000000000000	NaN
1204000000000000	NaN
1205000000000000	NaN
1206000000000000	NaN
1207000000000000	NaN
1208000000000000	NaN
1209000000000000	NaN
1210000000000000	NaN
1211000000000000	NaN
1212000000000000	NaN
1213000000000000	NaN
1214000000000000	NaN
1215000000000000	NaN
1216000000000000	NaN
1217000000000000	NaN
1218000000000000	NaN
1219000000000000	NaN
1220000000000000	NaN
1221000000000000	NaN
1222000000000000	NaN
1223000000000000	NaN
1224000000000000	NaN
1225000000000000	NaN
1226000000000000	NaN
1227000000000000	NaN
1228000000000000	NaN
1229000000000000	NaN
1230000000000000	NaN
1231000000000000	NaN
1232000000000000	NaN
1233000000000000	NaN
1234000000000000	NaN
1235000000000000	NaN
1236000000000000	NaN
1237000000000000	NaN
1238000000000000	NaN
1239000000000000	NaN
1240000000000000	NaN
1241000000000000	NaN
1242000000000000	NaN
1243000000000000	NaN
1244000000000000	NaN
1245000000000000	NaN
1246000000000000	NaN
1247000000000000	NaN
1248000000000000	NaN
1249000000000000	NaN
1250000000000000	NaN
1251000000000000	NaN
1252000000000000	NaN
1253000000000000	NaN
1254000000000000	NaN
1255000000000000	NaN
1256000000000000	NaN
1257000000000000	NaN
1258000000000000	NaN
1259000000000000	NaN
1260000000000000	NaN
1261000000000000	NaN
1262000000000000	NaN
1263000000000000	NaN
1264000000000000	NaN
1265000000000000	NaN
1266000000000000	NaN
1267000000000000	NaN
1268000000000000	NaN
1269000000000000	NaN
1270000000000000	NaN
1271000000000000	NaN
1272000000000000	NaN
1273000000000000	NaN
1274000000000000	NaN
1275000000000000	NaN
1276000000000000	NaN
1277000000000000	NaN
1278000000000000	NaN
1279000000000000	NaN
1280000000000000	NaN
1281000000000000	NaN
1282000000000000	NaN
1283000000000000	NaN
1284000000000000	NaN
1285000000000000	NaN
1286000000000000	NaN
1287000000000000	NaN
1288000000000000	NaN
1289000000000000	NaN
1290000000000000	NaN
1291000000000000	NaN
1292000000000000	NaN
1293000000000000	NaN
1294000000000000	NaN
1295000000000000	NaN
1296000000000000	NaN
1297000000000000	NaN
1298000000000000	NaN
1299000000000000	NaN
1300000000000000	NaN
1301000000000000	NaN
1302000000000000	NaN
1303000000000000	NaN
1304000000000000	NaN
1305000000000000	NaN
1306000000000000	NaN
1307000000000000	NaN
1308000000000000	NaN
1309000000000000	NaN
1310000000000000	NaN
1311000000000000	NaN
1312000000000000	NaN
1313000000000000	NaN
1314000000000000	NaN
1315000000000000	NaN
1316000000000000	NaN
1317000000000000	NaN
1318000000000000	NaN
1319000000000000	NaN
1320000000000000	NaN
1321000000000000	NaN
1322000000000000	NaN
1323000000000000	NaN
1324000000000000	NaN
1325000000000000	NaN
1326000000000000	NaN
1327000000000000	NaN
1328000000000000	NaN
1329000000000000	NaN
1330000000000000	NaN
1331000000000000	NaN
1332000000000000	NaN
1333000000000000	NaN
1334000000000000	NaN
1335000000000000	NaN
1336000000000000	NaN
1337000000000000	NaN
1338000000000000	NaN
1339000000000000	NaN
1340000000000000	NaN
1341000000000000	NaN
1342000000000000	NaN
1343000000000000	NaN
1344000000000000	NaN
1345000000000000	NaN
1346000000000000	NaN
1347000000000000	NaN
1348000000000000	NaN
1349000000000000	NaN
1350000000000000	NaN
1351000000000000	NaN
1352000000000000	NaN
1353000000000000	NaN
1354000000000000	NaN
1355000000000000	NaN
1356000000000000	NaN
1357000000000000	NaN
1358000000000000	NaN
1359000000000000	NaN
1360000000000000	NaN
1361000000000000	NaN
1362000000000000	NaN
1363000000000000	NaN
1364000000000000	NaN
1365000000000000	NaN
1366000000000000	NaN
1367000000000000	NaN
1368000000000000	NaN
1369000000000000	NaN
1370000000000000	NaN
1371000000000000	NaN
1372000000000000	NaN
1373000000000000	NaN
1374000000000000	NaN
1375000000000000	NaN
1376000000000000	NaN
1377000000000000	NaN
1378000000000000	NaN
1379000000000000	NaN
1380000000000000	NaN
1381000000000000	NaN
1382000000000000	NaN
1383000000000000	NaN
1384000000000000	NaN
1385000000000000	NaN
1386000000000000	NaN
1387000000000000	NaN
1388000000000000	NaN
1389000000000000	NaN
1390000000000000	NaN
1391000000000000	NaN
1392000000000000	NaN
1393000000000000	NaN
1394000000000000	NaN
1395000000000000	NaN
1396000000000000	NaN
1397000000000000	NaN
1398000000000000	NaN
1399000000000000	NaN
1400000000000000	NaN
1401000000000000	NaN
1402000000000000	NaN
1403000000000000	NaN
1404000000000000	NaN
1405000000000000	NaN
1406000000000000	NaN
1407000000000000	NaN
1408000000000000	NaN
1409000000000000	NaN
1410000000000000	NaN
1411000000000000	NaN
1412000000000000	NaN
1413000000000000	NaN
1414000000000000	NaN
1415000000000000	NaN
1416000000000000	NaN
1417000000000000	NaN
1418000000000000	NaN
1419000000000000	NaN
1420000000000000	NaN
1421000000000000	NaN
1422000000000000	NaN
1423000000000000	NaN
1424000000000000	NaN
1425000000000000	NaN
1426000000000000	NaN
1427000000000000	NaN
1428000000000000	NaN
1429000000000000	NaN
1430000000000000	NaN
1431000000000000	NaN
1432000000000000	NaN
1433000000000000	NaN
1434000000000000	NaN
1435000000000000	NaN
1436000000000000	NaN
1437000000000000	NaN
1438000000000000	NaN
1439000000000000	NaN
1440000000000000	NaN
1441000000000000	NaN
1442000000000000	NaN
1443000000000000	NaN
1444000000000000	NaN
1445000000000000	NaN
1446000000000000	NaN
1447000000000000	NaN
1448000000000000	NaN
1449000000000000	NaN
1450000000000000	NaN
1451000000000000	NaN
1452000000000000	NaN
1453000000000000	NaN
1454000000000000	NaN
1455000000000000	NaN
1456000000000000	NaN
1457000000000000	NaN
1458000000000000	NaN
1459000000000000	NaN
1460000000000000	NaN
1461000000000000	NaN
1462000000000000	NaN
1463000000000000	NaN
1464000000000000	NaN
1465000000000000	NaN
1466000000000000	NaN
1467000000000000	NaN
1468000000000000	NaN
1469000000000000	NaN
1470000000000000	NaN
1471000000000000	NaN
1472000000000000	NaN
1473000000000000	NaN
1474000000000000	NaN
1475000000000000	NaN
1476000000000000	NaN
1477000000000000	NaN
1478000000000000	NaN
1479000000000000	NaN
1480000000000000	NaN
1481000000000000	NaN
1482000000000000	NaN
1483000000000000	NaN
1484000000000000	NaN
1485000000000000	NaN
1486000000000000	NaN
1487000000000000	NaN
1488000000000000	NaN
1489000000000000	NaN
1490000000000000	NaN
1491000000000000	NaN
1492000000000000	NaN
1493000000000000	NaN
1494000000000000	NaN
1495000000000000	NaN
1496000000000000	NaN
1497000000000000	NaN
1498000000000000	NaN
1499000000000000	NaN
1500000000000000	NaN
1501000000000000	NaN
1502000000000000	NaN
1503000000000000	NaN
1504000000000000	NaN
1505000000000000	NaN
1506000000000000	NaN
1507000000000000	NaN
1508000000000000	NaN
1509000000000000	NaN
1510000000000000	NaN
1511000000000000	NaN
1512000000000000	NaN
1513000000000000	NaN
1514000000000000	NaN
1515000000000000	NaN
1516000000000000	NaN
1517000000000000	NaN
1518000000000000	NaN
1519000000000000	NaN
1520000000000000	NaN
1521000000000000	NaN
1522000000000000	NaN
1523000000000000	NaN
1524000000000000	NaN
1525000000000000	NaN
1526000000000000	NaN
1527000000000000	NaN
1528000000000000	NaN
1529000000000000	NaN
1530000000000000	NaN
1531000000000000	NaN
1532000000000000	NaN
1533000000000000	NaN
1534000000000000	NaN
1535000000000000	NaN
1536000000000000	NaN
1537000000000000	NaN
1538000000000000	NaN
1539000000000000	NaN
1540000000000000	NaN
1541000000000000	NaN
1542000000000000	NaN
1543000000000000	NaN
1544000000000000	NaN
1545000000000000	NaN
1546000000000000	NaN
1547000000000000	NaN
1548000000000000	NaN
1549000000000000	NaN
1550000000000000	NaN
1551000000000000	NaN
1552000000000000	NaN
1553000000000000	NaN
1554000000000000	NaN
1555000000000000	NaN
1556000000000000	NaN
1557000000000000	NaN
1558000000000000	NaN
1559000000000000	NaN
1560000000000000	NaN
1561000000000000	NaN
1562000000000000	NaN
1563000000000000	NaN
1564000000000000	NaN
1565000000000000	NaN
1566000000000000	NaN
1567000000000000	NaN
1568000000000000	NaN
1569000000000000	NaN
1570000000000000	NaN
1571000000000000	NaN
1572000000000000	NaN
1573000000000000	NaN
1574000000000000	NaN
1575000000000000	NaN
1576000000000000	NaN
1577000000000000	NaN
1578000000000000	NaN
1579000000000000	NaN
1580000000000000	NaN
1581000000000000	NaN
1582000000000000	NaN
1583000000000000	NaN
1584000000000000	NaN
1585000000000000	NaN
1586000000000000	NaN
1587000000000000	NaN
1588000000000000	NaN
1589000000000000	NaN
1590000000000000	NaN
1591000000000000	NaN
1592000000000000	NaN
1593000000000000	NaN
1594000000000000	NaN
1595000000000000	NaN
1596000000000000	NaN
1597000000000000	NaN
1598000000000000	NaN
1599000000000000	NaN
1600000000000000	NaN
1601000000000000	NaN
1602000000000000	NaN
1603000000000000	NaN
1604000000000000	NaN
1605000000000000	NaN
1606000000000000	NaN
1607000000000000	NaN
1608000000000000	NaN
1609000000000000	NaN
1610000000000000	NaN
1611000000000000	NaN
1612000000000000	NaN
1613000000000000	NaN
1614000000000000	NaN
1615000000000000	NaN
1616000000000000	NaN
1617000000000000	NaN
1618000000000000	NaN
1619000000000000	NaN
1620000000000000	NaN
1621000000000000	NaN
1622000000000000	NaN
1623000000000000	NaN
1624000000000000	NaN
1625000000000000	NaN
1626000000000000	NaN
1627000000000000	NaN
1628000000000000	NaN
1629000000000000	NaN
1630000000000000	NaN
1631000000000000	NaN
1632000000000000	NaN
1633000000000000	NaN
1634000000000000	NaN
1635000000000000	NaN
1636000000000000	NaN
1637000000000000	NaN
1638000000000000	NaN
1639000000000000	NaN
1640000000000000	NaN
1641000000000000	NaN
1642000000000000	NaN
1643000000000000	NaN
1644000000000000	NaN
1645000000000000	NaN
1646000000000000	NaN
1647000000000000	NaN
1648000000000000	NaN
1649000000000000	NaN
1650000000000000	NaN
1651000000000000	NaN
1652000000000000	NaN
1653000000000000	NaN
1654000000000000	NaN
1655000000000000	NaN
1656000000000000	NaN
1657000000000000	NaN
1658000000000000	NaN
1659000000000000	NaN
1660000000000000	NaN
1661000000000000	NaN
1662000000000000	NaN
1663000000000000	NaN
1664000000000000	NaN
1665000000000000	NaN
1666000000000000	NaN
1667000000000000	NaN
1668000000000000	NaN
1669000000000000	NaN
1670000000000000	NaN
1671000000000000	NaN
1672000000000000	NaN
1673000000000000	NaN
1674000000000000	NaN
1675000000000000	NaN
1676000000000000	NaN
1677000000000000	NaN
1678000000000000	NaN
1679000000000000	NaN
1680000000000000	NaN
1681000000000000	NaN
1682000000000000	NaN
1683000000000000	NaN
1684000000000000	NaN
1685000000000000	NaN
1686000000000000	NaN
1687000000000000	NaN
1688000000000000	NaN
1689000000000000	NaN
1690000000000000	NaN
1691000000000000	NaN
1692000000000000	NaN
1693000000000000	NaN
1694000000000000	NaN
1695000000000000	NaN
1696000000000000	NaN
1697000000000000	NaN
1698000000000000	NaN
1699000000000000	NaN
1700000000000000	NaN
1701000000000000	NaN
1702000000000000	NaN
1703000000000000	NaN
1704000000000000	NaN
1705000000000000	NaN
1706000000000000	NaN
1707000000000000	NaN
1708000000000000	NaN
1709000000000000	NaN
1710000000000000	NaN
1711000000000000	NaN
1712000000000000	NaN
1713000000000000	NaN
1714000000000000	NaN
1715000000000000	NaN
1716000000000000	NaN
1717000000000000	NaN
1718000000000000	NaN
1719000000000000	NaN
1720000000000000	NaN
1721000000000000	NaN
1722000000000000	NaN
1723000000000000	NaN
1724000000000000	NaN
1725000000000000	NaN
1726000000000000	NaN
1727000000000000	NaN
1728000000000000	NaN
1729000000000000	NaN
1730000000000000	NaN
1731000000000000	NaN
1732000000000000	NaN
1733000000000000	NaN
1734000000000000	NaN
1735000000000000	NaN
1736000000000000	NaN
1737000000000000	NaN
1738000000000000	NaN
1739000000000000	NaN
1740000000000000	NaN
1741000000000000	NaN
1742000000000000	NaN
1743000000000000	NaN
1744000000000000	NaN
1745000000000000	NaN
1746000000000000	NaN
1747000000000000	NaN
1748000000000000	NaN
1749000000000000	NaN
1750000000000000	NaN
1751000000000000	NaN
1752000000000000	NaN
1753000000000000	NaN
1754000000000000	NaN
1755000000000000	NaN
1756000000000000	NaN
1757000000000000	NaN
1758000000000000	NaN
1759000000000000	NaN
1760000000000000	NaN
1761000000000000	NaN
1762000000000000	NaN
1763000000000000	NaN
1764000000000000	NaN
1765000000000000	NaN
1766000000000000	NaN
1767000000000000	NaN
1768000000000000	NaN
1769000000000000	NaN
1770000000000000	NaN
1771000000000000	NaN
1772000000000000	NaN
1773000000000000	NaN
1774000000000000	NaN
1775000000000000	NaN
1776000000000000	NaN
1777000000000000	NaN
1778000000000000	NaN
1779000000000000	NaN
1780000000000000	NaN
1781000000000000	NaN
1782000000000000	NaN
1783000000000000	NaN
1784000000000000	NaN
1785000000000000	NaN
1786000000000000	NaN
1787000000000000	NaN
1788000000000000	NaN
1789000000000000	NaN
1790000000000000	NaN
1791000000000000	NaN
1792000000000000	NaN
1793000000000000	NaN
1794000000000000	NaN
1795000000000000	NaN
1796000000000000	NaN
1797000000000000	NaN
1798000000000000	NaN
1799000000000000	NaN
1800000000000000	NaN
1801000000000000	NaN
1802000000000000	NaN
1803000000000000	NaN
1804000000000000	NaN
1805000000000000	NaN
1806000000000000	NaN
1807000000000000	NaN
1808000000000000	NaN
1809000000000000	NaN
1810000000000000	NaN
1811000000000000	NaN
1812000000000000	NaN
1813000000000000	NaN
1814000000000000	NaN
1815000000000000	NaN
1816000000000000	NaN
1817000000000000	NaN
1818000000000000	NaN
1819000000000000	NaN
1820000000000000	NaN
1821000000000000	NaN
1822000000000000	NaN
1823000000000000	NaN
1824000000000000	NaN
1825000000000000	NaN
1826000000000000	NaN
1827000000000000	NaN
1828000000000000	NaN
1829000000000000	NaN
1830000000000000	NaN
1831000000000000	NaN
1832000000000000	NaN
1833000000000000	NaN
1834000000000000	NaN
1835000000000000	NaN
1836000000000000	NaN
1837000000000000	NaN
1838000000000000	NaN
1839000000000000	NaN
1840000000000000	NaN
1841000000000000	NaN
1842000000000000	NaN
1843000000000000	NaN
1844000000000000	NaN
1845000000000000	NaN
1846000000000000	NaN
1847000000000000	NaN
1848000000000000	NaN
1849000000000000	NaN
1850000000000000	NaN
1851000000000000	NaN
1852000000000000	NaN
1853000000000000	NaN
1854000000000000	NaN
1855000000000000	NaN
1856000000000000	NaN
1857000000000000	NaN
1858000000000000	NaN
1859000000000000	NaN
1860000000000000	NaN
1861000000000000	NaN
1862000000000000	NaN
1863000000000000	NaN
1864000000000000	NaN
1865000000000000	NaN
1866000000000000	NaN
1867000000000000	NaN
1868000000000000	NaN
1869000000000000	NaN
1870000000000000	NaN
1871000000000000	NaN
1872000000000000	NaN
1873000000000000	NaN
1874000000000000	NaN
1875000000000000	NaN
1876000000000000	NaN
1877000000000000	NaN
1878000000000000	NaN
1879000000000000	NaN
1880000000000000	NaN
1881000000000000	NaN
1882000000000000	NaN
1883000000000000	NaN
1884000000000000	NaN
1885000000000000	NaN
1886000000000000	NaN
1887000000000000	NaN
1888000000000000	NaN
1889000000000000	NaN
1890000000000000	NaN
1891000000000000	NaN
1892000000000000	NaN
1893000000000000	NaN
1894000000000000	NaN
1895000000000000	NaN
1896000000000000	NaN
1897000000000000	NaN
1898000000000000	NaN
1899000000000000	NaN
1900000000000000	NaN
1901000000000000	NaN
1902000000000000	NaN
1903000000000000	NaN
1904000000000000	NaN
1905000000000000	NaN
1906000000000000	NaN
1907000000000000	NaN
1908000000000000	NaN
1909000000000000	NaN
1910000000000000	NaN
1911000000000000	NaN
1912000000000000	NaN
1913000000000000	NaN
1914000000000000	NaN
1915000000000000	NaN
1916000000000000	NaN
1917000000000000	NaN
1918000000000000	NaN
1919000000000000	NaN
1920000000000000	NaN
1921000000000000	NaN
1922000000000000	NaN
1923000000000000	NaN
1924000000000000	NaN
1925000000000000	NaN
1926000000000000	NaN
1927000000000000	NaN
1928000000000000	NaN
1929000000000000	NaN
1930000000000000	NaN
1931000000000000	NaN
1932000000000000	NaN
1933000000000000	NaN
1934000000000000	NaN
1935000000000000	NaN
1936000000000000	NaN
1937000000000000	NaN
1938000000000000	NaN
1939000000000000	NaN
1940000000000000	NaN
1941000000000000	NaN
1942000000000000	NaN
1943000000000000	NaN
1944000000000000	NaN
1945000000000000	NaN
1946000000000000	NaN
1947000000000000	NaN
1948000000000000	NaN
1949000000000000	NaN
1950000000000000	NaN
1951000000000000	NaN
1952000000000000	NaN
1953000000000000	NaN
1954000000000000	NaN
1955000000000000	NaN
1956000000000000	NaN
1957000000000000	NaN
1958000000000000	NaN
1959000000000000	NaN
1960000000000000	NaN
1961000000000000	NaN
1962000000000000	NaN
1963000000000000	NaN
1964000000000000	NaN
1965000000000000	NaN
1966000000000000	NaN
1967000000000000	NaN
1968000000000000	NaN
1969000000000000	NaN
1970000000000000	NaN
1971000000000000	NaN
1972000000000000	NaN
1973000000000000	NaN
1974000000000000	NaN
1975000000000000	NaN
1976000000000000	NaN
1977000000000000	NaN
1978000000000000	NaN
1979000000000000	NaN
1980000000000000	NaN
1981000000000000	NaN
1982000000000000	NaN
1983000000000000	NaN
1984000000000000	NaN
1985000000000000	NaN
1986000000000000	NaN
1987000000000000	NaN
1988000000000000	NaN
1989000000000000	NaN
1990000000000000	NaN
1991000000000000	NaN
1992000000000000	NaN
1993000000000000	NaN
1994000000000000	NaN
1995000000000000	NaN
1996000000000000	NaN
1997000000000000	NaN
1998000000000000	NaN
1999000000000000	NaN
2000000000000000	NaN
2001000000000000	NaN
2002000000000000	NaN
2003000000000000	NaN
2004000000000000	NaN
2005000000000000	NaN
2006000000000000	NaN
2007000000000000	NaN
2008000000000000	NaN
2009000000000000	NaN
2010000000000000	NaN
2011000000000000	NaN
2012000000000000	NaN
2013000000000000	NaN
2014000000000000	NaN
2015000000000000	NaN
2016000000000000	NaN
2017000000000000	NaN
2018000000000000	NaN
2019000000000000	NaN
2020000000000000	NaN
2021000000000000	NaN
2022000000000000	NaN
2023000000000000	NaN
2024000000000000	NaN
2025000000000000	NaN
2026000000000000	NaN
2027000000000000	NaN
2028000000000000	NaN
2029000000000000	NaN
2030000000000000	NaN
2031000000000000	NaN
2032000000000000	NaN
2033000000000000	NaN
2034000000000000	NaN
2035000000000000	NaN
2036000000000000	NaN
2037000000000000	NaN
2038000000000000	NaN
2039000000000000	NaN
2040000000000000	NaN
2041000000000000	NaN
2042000000000000	NaN
2043000000000000	NaN
2044000000000000	NaN
2045000000000000	NaN
2046000000000000	NaN
2047000000000000	NaN
2048000000000000	NaN
2049000000000000	NaN
2050000000000000	NaN
2051000000000000	NaN
2052000000000000	NaN
2053000000000000	NaN
2054000000000000	NaN
2055000000000000	NaN
2056000000000000	NaN
2057000000000000	NaN
2058000000000000	NaN
2059000000000000	NaN
2060000000000000	NaN
2061000000000000	NaN
2062000000000000	NaN
2063000000000000	NaN
2064000000000000	NaN
2065000000000000	NaN
2066000000000000	NaN
2067000000000000	NaN
2068000000000000	NaN
2069000000000000	NaN
2070000000000000	NaN
2071000000000000	NaN
2072000000000000	NaN
2073000000000000	NaN
2074000000000000	NaN
2075000000000000	NaN
2076000000000000	NaN
2077000000000000	NaN
2078000000000000	NaN
2079000000000000	NaN
2080000000000000	NaN
2081000000000000	NaN
2082000000000000	NaN
2083000000000000	NaN
2084000000000000	NaN
2085000000000000	NaN
2086000000000000	NaN
2087000000000000	NaN
2088000000000000	NaN
2089000000000000	NaN
2090000000000000	NaN
2091000000000000	NaN
2092000000000000	NaN
2093000000000000	NaN
2094000000000000	NaN
2095000000000000	NaN
2096000000000000	NaN
2097000000000000	NaN
2098000000000000	NaN
2099000000000000	NaN
2100000000000000	NaN
2101000000000000	NaN
2102000000000000	NaN
2103000000000000	NaN
2104000000000000	NaN
2105000000000000	NaN
2106000000000000	NaN
2107000000000000	NaN
2108000000000000	NaN
2109000000000000	NaN
2110000000000000	NaN
2111000000000000	NaN
2112000000000000	NaN
2113000000000000	NaN
2114000000000000	NaN
2115000000000000	NaN
2116000000000000	NaN
2117000000000000	NaN
2118000000000000	NaN
2119000000000000	NaN
2120000000000000	NaN
2121000000000000	NaN
2122000000000000	NaN
2123000000000000	NaN
2124000000000000	NaN
2125000000000000	NaN
2126000000000000	NaN
2127000000000000	NaN
2128000000000000	NaN
2129000000000000	NaN
2130000000000000	NaN
2131000000000000	NaN
2132000000000000	NaN
2133000000000000	NaN
2134000000000000	NaN
2135000000000000	NaN
2136000000000000	NaN
2137000000000000	NaN
2138000000000000	NaN
2139000000000000	NaN
2140000000000000	NaN
2141000000000000	NaN
2142000000000000	NaN
2143000000000000	NaN
2144000000000000	NaN
2145000000000000	NaN
2146000000000000	NaN
2147000000000000	NaN
2148000000000000	NaN
2149000000000000	NaN
2150000000000000	NaN
2151000000000000	NaN
2152000000000000	NaN
2153000000000000	NaN
2154000000000000	NaN
2155000000000000	NaN
2156000000000000	NaN
2157000000000000	NaN
2158000000000000	NaN
2159000000000000	NaN
2160000000000000	NaN
2161000000000000	NaN
2162000000000000	NaN
2163000000000000	NaN
2164000000000000	NaN
2165000000000000	NaN
2166000000000000	NaN
2167000000000000	NaN
2168000000000000	NaN
2169000000000000	NaN
2170000000000000	NaN
2171000000000000	NaN
2172000000000000	NaN
2173000000000000	NaN
2174000000000000	NaN
2175000000000000	NaN
2176000000000000	NaN
2177000000000000	NaN
2178000000000000	NaN
2179000000000000	NaN
2180000000000000	NaN
2181000000000000	NaN
2182000000000000	NaN
2183000000000000	NaN
2184000000000000	NaN
2185000000000000	NaN
2186000000000000	NaN
2187000000000000	NaN
2188000000000000	NaN
2189000000000000	NaN
2190000000000000	NaN
2191000000000000	NaN
2192000000000000	NaN
2193000000000000	NaN
2194000000000000	NaN
2195000000000000	NaN
2196000000000000	NaN
2197000000000000	NaN
2198000000000000	NaN
2199000000000000	NaN
2200000000000000	NaN
2201000000000000	NaN
2202000000000000	NaN
2203000000000000	NaN
2204000000000000	NaN
2205000000000000	NaN
2206000000000000	NaN
2207000000000000	NaN
2208000000000000	NaN
2209000000000000	NaN
2210000000000000	NaN
2211000000000000	NaN
2212000000000000	NaN
2213000000000000	NaN
2214000000000000	NaN
2215000000000000	NaN
2216000000000000	NaN
2217000000000000	NaN
2218000000000000	NaN
2219000000000000	NaN
2220000000000000	NaN
2221000000000000	NaN
2222000000000000	NaN
2223000000000000	NaN
2224000000000000	NaN
2225000000000000	NaN
2226000000000000	NaN
2227000000000000	NaN
2228000000000000	NaN
2229000000000000	NaN
2230000000000000	NaN
2231000000000000	NaN
2232000000000000	NaN
2233000000000000	NaN
2234000000000000	NaN
2235000000000000	NaN
2236000000000000	NaN
2237000000000000	NaN
2238000000000000	NaN
2239000000000000	NaN
2240000000000000	NaN
2241000000000000	NaN
2242000000000000	NaN
2243000000000000	NaN
2244000000000000	NaN
2245000000000000	NaN
2246000000000000	NaN
2247000000000000	NaN
2248000000000000	NaN
2249000000000000	NaN
2250000000000000	NaN
2251000000000000	NaN
2252000000000000	NaN
2253000000000000	NaN
2254000000000000	NaN
2255000000000000	NaN
2256000000000000	NaN
2257000000000000	NaN
2258000000000000	NaN
2259000000000000	NaN
2260000000000000	NaN
2261000000000000	NaN
2262000000000000	NaN
2263000000000000	NaN
2264000000000000	NaN
2265000000000000	NaN
2266000000000000	NaN
2267000000000000	NaN
2268000000000000	NaN
2269000000000000	NaN
2270000000000000	NaN
2271000000000000	NaN
2272000000000000	NaN
2273000000000000	NaN
2274000000000000	NaN
2275000000000000	NaN
2276000000000000	NaN
2277000000000000	NaN
2278000000000000	NaN
2279000000000000	NaN
2280000000000000	NaN
2281000000000000	NaN
2282000000000000	NaN
2283000000000000	NaN
2284000000000000	NaN
2285000000000000	NaN
2286000000000000	NaN
2287000000000000	NaN
2288000000000000	NaN
2289000000000000	NaN
2290000000000000	NaN
2291000000000000	NaN
2292000000000000	NaN
2293000000000000	NaN
2294000000000000	NaN
2295000000000000	NaN
2296000000000000	NaN
2297000000000000	NaN
2298000000000000	NaN
2299000000000000	NaN
2300000000000000	NaN
2301000000000000	NaN
2302000000000000	NaN
2303000000000000	NaN
2304000000000000	NaN
2305000000000000	NaN
2306000000000000	NaN
2307000000000000	NaN
2308000000000000	NaN
2309000000000000	NaN
2310000000000000	NaN
2311000000000000	NaN
2312000000000000	NaN
2313000000000000	NaN
2314000000000000	NaN
2315000000000000	NaN
2316000000000000	NaN
2317000000000000	NaN
2318000000000000	NaN
2319000000000000	NaN
2320000000000000	NaN
2321000000000000	NaN
2322000000000000	NaN
2323000000000000	NaN
2324000000000000	NaN
2325000000000000	NaN
2326000000000000	NaN
2327000000000000	NaN
2328000000000000	NaN
2329000000000000	NaN
2330000000000000	NaN
2331000000000000	NaN
2332000000000000	NaN
2333000000000000	NaN
2334000000000000	NaN
2335000000000000	NaN
2336000000000000	NaN
2337000000000000	NaN
2338000000000000	NaN
2339000000000000	NaN
2340000000000000	NaN
2341000000000000	NaN
2342000000000000	NaN
2343000000000000	NaN
2344000000000000	NaN
2345000000000000	NaN
2346000000000000	NaN
2347000000000000	NaN
2348000000000000	NaN
2349000000000000	NaN
2350000000000000	NaN
2351000000000000	NaN
2352000000000000	NaN
2353000000000000	NaN
2354000000000000	NaN
2355000000000000	NaN
2356000000000000	NaN
2357000000000000	NaN
2358000000000000	NaN
2359000000000000	NaN
2360000000000000	NaN
2361000000000000	NaN
2362000000000000	NaN
2363000000000000	NaN
2364000000000000	NaN
2365000000000000	NaN
2366000000000000	NaN
2367000000000000	NaN
2368000000000000	NaN
2369000000000000	NaN
2370000000000000	NaN
2371000000000000	NaN
2372000000000000	NaN
2373000000000000	NaN
2374000000000000	NaN
2375000000000000	NaN
2376000000000000	NaN
2377000000000000	NaN
2378000000000000	NaN
2379000000000000	NaN
2380000000000000	NaN
2381000000000000	NaN
2382000000000000	NaN
2383000000000000	NaN
2384000000000000	NaN
2385000000000000	NaN
2386000000000000	NaN
2387000000000000	NaN
2388000000000000	NaN
2389000000000000	NaN
2390000000000000	NaN
2391000000000000	NaN
2392000000000000	NaN
2393000000000000	NaN
2394000000000000	NaN
2395000000000000	NaN
2396000000000000	NaN
2397000000000000	NaN
2398000000000000	NaN
2399000000000000	NaN
2400000000000000	NaN
2401000000000000	NaN
2402000000000000	NaN
2403000000000000	NaN
2404000000000000	NaN
2405000000000000	NaN
2406000000000000	NaN
2407000000000000	NaN
2408000000000000	NaN
2409000000000000	NaN
2410000000000000	NaN
2411000000000000	NaN
2412000000000000	NaN
2413000000000000	NaN
2414000000000000	NaN
2415000000000000	NaN
2416000000000000	NaN
2417000000000000	NaN
2418000000000000	NaN
2419000000000000	NaN
2420000000000000	NaN
2421000000000000	NaN
2422000000000000	NaN
2423000000000000	NaN
2424000000000000	NaN
2425000000000000	NaN
2426000000000000	NaN
2427000000000000	NaN
2428000000000000	NaN
2429000000000000	NaN
2430000000000000	NaN
2431000000000000	NaN
2432000000000000	NaN
2433000000000000	NaN
2434000000000000	NaN
2435000000000000	NaN
2436000000000000	NaN
2437000000000000	NaN
2438000000000000	NaN
2439000000000000	NaN
2440000000000000	NaN
2441000000000000	NaN
2442000000000000	NaN
2443000000000000	NaN
2444000000000000	NaN
2445000000000000	NaN
2446000000000000	NaN
2447000000000000	NaN
2448000000000000	NaN
2449000000000000	NaN
2450000000000000	NaN
2451000000000000	NaN
2452000000000000	NaN
2453000000000000	NaN
2454000000000000	NaN
2455000000000000	NaN
2456000000000000	NaN
2457000000000000	NaN
2458000000000000	NaN
2459000000000000	NaN
2460000000000000	NaN
2461000000000000	NaN
2462000000000000	NaN
2463000000000000	NaN
2464000000000000	NaN
2465000000000000	NaN
2466000000000000	NaN
2467000000000000	NaN
2468000000000000	NaN
2469000000000000	NaN
2470000000000000	NaN
2471000000000000	NaN
2472000000000000	NaN
2473000000000000	NaN
2474000000000000	NaN
2475000000000000	NaN
2476000000000000	NaN
2477000000000000	NaN
2478000000000000	NaN
2479000000000000	NaN
2480000000000000	NaN
2481000000000000	NaN
2482000000000000	NaN
2483000000000000	NaN
2484000000000000	NaN
2485000000000000	NaN
2486000000000000	NaN
2487000000000000	NaN
2488000000000000	NaN
2489000000000000	NaN
2490000000000000	NaN
2491000000000000	NaN
2492000000000000	NaN
2493000000000000	NaN
2494000000000000	NaN
2495000000000000	NaN
2496000000000000	NaN
2497000000000000	NaN
2498000000000000	NaN
2499000000000000	NaN
2500000000000000	NaN
2501000000000000	NaN
2502000000000000	NaN
2503000000000000	NaN
2504000000000000	NaN
2505000000000000	NaN
2506000000000000	NaN
2507000000000000	NaN
2508000000000000	NaN
2509000000000000	NaN
2510000000000000	NaN
2511000000000000	NaN
2512000000000000	NaN
2513000000000000	NaN
2514000000000000	NaN
2515000000000000	NaN
2516000000000000	NaN
2517000000000000	NaN
2518000000000000	NaN
2519000000000000	NaN
2520000000000000	NaN
2521000000000000	NaN
2522000000000000	NaN
2523000000000000	NaN
2524000000000000	NaN
2525000000000000	NaN
2526000000000000	NaN
2527000000000000	NaN
2528000000000000	NaN
2529000000000000	NaN
2530000000000000	NaN
2531000000000000	NaN
2532000000000000	NaN
2533000000000000	NaN
2534000000000000	NaN
2535000000000000	NaN
2536000000000000	NaN
2537000000000000	NaN
2538000000000000	NaN
2539000000000000	NaN
2540000000000000	NaN
2541000000000000	NaN
2542000000000000	NaN
2543000000000000	NaN
2544000000000000	NaN
2545000000000000	NaN
2546000000000000	NaN
2547000000000000	NaN
2548000000000000	NaN
2549000000000000	NaN
2550000000000000	NaN
2551000000000000	NaN
2552000000000000	NaN
2553000000000000	NaN
2554000000000000	NaN
2555000000000000	NaN
2556000000000000	NaN
2557000000000000	NaN
2558000000000000	NaN
2559000000000000	NaN
2560000000000000	NaN
2561000000000000	NaN
2562000000000000	NaN
2563000000000000	NaN
2564000000000000	NaN
2565000000000000	NaN
2566000000000000	NaN
2567000000000000	NaN
2568000000000000	NaN
2569000000000000	NaN
2570000000000000	NaN
2571000000000000	NaN
2572000000000000	NaN
2573000000000000	NaN
2574000000000000	NaN
2575000000000000	NaN
2576000000000000	NaN
2577000000000000	NaN
2578000000000000	NaN
2579000000000000	NaN
2580000000000000	NaN
2581000000000000	NaN
2582000000000000	NaN
2583000000000000	NaN
2584000000000000	NaN
2585000000000000	NaN
2586000000000000	NaN
2587000000000000	NaN
2588000000000000	NaN
2589000000000000	NaN
2590000000000000	NaN
2591000000000000	NaN
2592000000000000	NaN
2593000000000000	NaN
2594000000000000	NaN
2595000000000000	NaN
2596000000000000	NaN
2597000000000000	NaN
2598000000000000	NaN
2599000000000000	NaN
2600000000000000	NaN
2601000000000000	NaN
2602000000000000	NaN
2603000000000000	NaN
2604000000000000	NaN
2605000000000000	NaN
2606000000000000	NaN
2607000000000000	NaN
2608000000000000	NaN
2609000000000000	NaN
2610000000000000	NaN
2611000000000000	NaN
2612000000000000	NaN
2613000000000000	NaN
2614000000000000	NaN
2615000000000000	NaN
2616000000000000	NaN
2617000000000000	NaN
2618000000000000	NaN
2619000000000000	NaN
2620000000000000	NaN
2621000000000000	NaN
2622000000000000	NaN
2623000000000000	NaN
2624000000000000	NaN
2625000000000000	NaN
2626000000000000	NaN
2627000000000000	NaN
2628000000000000	NaN
2629000000000000	NaN
2630000000000000	NaN
2631000000000000	NaN
2632000000000000	NaN
2633000000000000	NaN
2634000000000000	NaN
2635000000000000	NaN
2636000000000000	NaN
2637000000000000	NaN
2638000000000000	NaN
2639000000000000	NaN
2640000000000000	NaN
2641000000000000	NaN
2642000000000000	NaN
2643000000000000	NaN
2644000000000000	NaN
2645000000000000	NaN
2646000000000000	NaN
2647000000000000	NaN
2648000000000000	NaN
2649000000000000	NaN
2650000000000000	NaN
2651000000000000	NaN
2652000000000000	NaN
2653000000000000	NaN
2654000000000000	NaN
2655000000000000	NaN
2656000000000000	NaN
2657000000000000	NaN
2658000000000000	NaN
2659000000000000	NaN
2660000000000000	NaN
2661000000000000	NaN
2662000000000000	NaN
2663000000000000	NaN
2664000000000000	NaN
2665000000000000	NaN
2666000000000000	NaN
2667000000000000	NaN
2668000000000000	NaN
2669000000000000	NaN
2670000000000000	NaN
2671000000000000	NaN
2672000000000000	NaN
2673000000000000	NaN
2674000000000000	NaN
2675000000000000	NaN
2676000000000000	NaN
2677000000000000	NaN
2678000000000000	NaN
2679000000000000	NaN
2680000000000000	NaN
2681000000000000	NaN
2682000000000000	NaN
2683000000000000	NaN
2684000000000000	NaN
2685000000000000	NaN
2686000000000000	NaN
2687000000000000	NaN
2688000000000000	NaN
2689000000000000	NaN
2690000000000000	NaN
2691000000000000	NaN
2692000000000000	NaN
2693000000000000	NaN
2694000000000000	NaN
2695000000000000	NaN
2696000000000000	NaN
2697000000000000	NaN
2698000000000000	NaN
2699000000000000	NaN
2700000000000000	NaN
2701000000000000	NaN
2702000000000000	NaN
2703000000000000	NaN
2704000000000000	NaN
2705000000000000	NaN
2706000000000000	NaN
2707000000000000	NaN
2708000000000000	NaN
2709000000000000	NaN
2710000000000000	NaN
2711000000000000	NaN
2712000000000000	NaN
2713000000000000	NaN
2714000000000000	NaN
2715000000000000	NaN
2716000000000000	NaN
2717000000000000	NaN
2718000000000000	NaN
2719000000000000	NaN
2720000000000000	NaN
2721000000000000	NaN
2722000000000000	NaN
2723000000000000	NaN
2724000000000000	NaN
2725000000000000	NaN
2726000000000000	NaN
2727000000000000	NaN
2728000000000000	NaN
2729000000000000	NaN
2730000000000000	NaN
2731000000000000	NaN
2732000000000000	NaN
2733000000000000	NaN
2734000000000000	NaN
2735000000000000	NaN
2736000000000000	NaN
2737000000000000	NaN
2738000000000000	NaN
2739000000000000	NaN
2740000000000000	NaN
2741000000000000	NaN
2742000000000000	NaN
2743000000000000	NaN
2744000000000000	NaN
2745000000000000	NaN
2746000000000000	NaN
2747000000000000	NaN
2748000000000000	NaN
2749000000000000	NaN
2750000000000000	NaN
2751000000000000	NaN
2752000000000000	NaN
2753000000000000	NaN
2754000000000000	NaN
2755000000000000	NaN
2756000000000000	NaN
2757000000000000	NaN
2758000000000000	NaN
2759000000000000	NaN
2760000000000000	NaN
2761000000000000	NaN
2762000000000000	NaN
2763000000000000	NaN
2764000000000000	NaN
2765000000000000	NaN
2766000000000000	NaN
2767000000000000	NaN
2768000000000000	NaN
2769000000000000	NaN
2770000000000000	NaN
2771000000000000	NaN
2772000000000000	NaN
2773000000000000	NaN
2774000000000000	NaN
2775000000000000	NaN
2776000000000000	NaN
2777000000000000	NaN
2778000000000000	NaN
2779000000000000	NaN
2780000000000000	NaN
2781000000000000	NaN
2782000000000000	NaN
2783000000000000	NaN
2784000000000000	NaN
2785000000000000	NaN
2786000000000000	NaN
2787000000000000	NaN
2788000000000000	NaN
2789000000000000	NaN
2790000000000000	NaN
2791000000000000	NaN
2792000000000000	NaN
2793000000000000	NaN
2794000000000000	NaN
2795000000000000	NaN
2796000000000000	NaN
2797000000000000	NaN
2798000000000000	NaN
2799000000000000	NaN
2800000000000000	NaN
2801000000000000	NaN
2802000000000000	NaN
2803000000000000	NaN
2804000000000000	NaN
2805000000000000	NaN
2806000000000000	NaN
2807000000000000	NaN
2808000000000000	NaN
2809000000000000	NaN
2810000000000000	NaN
2811000000000000	NaN
2812000000000000	NaN
2813000000000000	NaN
2814000000000000	NaN
2815000000000000	NaN
2816000000000000	NaN
2817000000000000	NaN
2818000000000000	NaN
2819000000000000	NaN
2820000000000000	NaN
2821000000000000	NaN
2822000000000000	NaN
2823000000000000	NaN
2824000000000000	NaN
2825000000000000	NaN
2826000000000000	NaN
2827000000000000	NaN
2828000000000000	NaN
2829000000000000	NaN
2830000000000000	NaN
2831000000000000	NaN
2832000000000000	NaN
2833000000000000	NaN
2834000000000000	NaN
2835000000000000	NaN
2836000000000000	NaN
2837000000000000	NaN
2838000000000000	NaN
2839000000000000	NaN
2840000000000000	NaN
2841000000000000	NaN
2842000000000000	NaN
2843000000000000	NaN
2844000000000000	NaN
2845000000000000	NaN
2846000000000000	NaN
2847000000000000	NaN
2848000000000000	NaN
2849000000000000	NaN
2850000000000000	NaN
2851000000000000	NaN
2852000000000000	NaN
2853000000000000	NaN
2854000000000000	NaN
2855000000000000	NaN
2856000000000000	NaN
2857000000000000	NaN
2858000000000000	NaN
2859000000000000	NaN
2860000000000000	NaN
2861000000000000	NaN
2862000000000000	NaN
2863000000000000	NaN
2864000000000000	NaN
2865000000000000	NaN
2866000000000000	NaN
2867000000000000	NaN
2868000000000000	NaN
2869000000000000	NaN
2870000000000000	NaN
2871000000000000	NaN
2872000000000000	NaN
2873000000000000	NaN
2874000000000000	NaN
2875000000000000	NaN
2876000000000000	NaN
2877000000000000	NaN
2878000000000000	NaN
2879000000000000	NaN
2880000000000000	NaN
2881000000000000	NaN
2882000000000000	NaN
2883000000000000	NaN
2884000000000000	NaN
2885000000000000	NaN
2886000000000000	NaN
2887000000000000	NaN
2888000000000000	NaN
2889000000000000	NaN
2890000000000000	NaN
2891000000000000	NaN
2892000000000000	NaN
2893000000000000	NaN
2894000000000000	NaN
2895000000000000	NaN
2896000000000000	NaN
2897000000000000	NaN
2898000000000000	NaN
2899000000000000	NaN
2900000000000000	NaN
2901000000000000	NaN
2902000000000000	NaN
2903000000000000	NaN
2904000000000000	NaN
2905000000000000	NaN
2906000000000000	NaN
2907000000000000	NaN
2908000000000000	NaN
2909000000000000	NaN
2910000000000000	NaN
2911000000000000	NaN
2912000000000000	NaN
2913000000000000	NaN
2914000000000000	NaN
2915000000000000	NaN
2916000000000000	NaN
2917000000000000	NaN
2918000000000000	NaN
2919000000000000	NaN
2920000000000000	NaN
2921000000000000	NaN
2922000000000000	NaN
2923000000000000	NaN
2924000000000000	NaN
2925000000000000	NaN
2926000000000000	NaN
2927000000000000	NaN
2928000000000000	NaN
2929000000000000	NaN
2930000000000000	NaN
2931000000000000	NaN
2932000000000000	NaN
2933000000000000	NaN
2934000000000000	NaN
2935000000000000	NaN
2936000000000000	NaN
2937000000000000	NaN
2938000000000000	NaN
2939000000000000	NaN
2940000000000000	NaN
2941000000000000	NaN
2942000000000000	NaN
2943000000000000	NaN
2944000000000000	NaN
2945000000000000	NaN
2946000000000000	NaN
2947000000000000	NaN
2948000000000000	NaN
2949000000000000	NaN
2950000000000000	NaN
2951000000000000	NaN
2952000000000000	NaN
2953000000000000	NaN
2954000000000000	NaN
2955000000000000	NaN
2956000000000000	NaN
2957000000000000	NaN
2958000000000000	NaN
2959000000000000	NaN
2960000000000000	NaN
2961000000000000	NaN
2962000000000000	NaN
2963000000000000	NaN
2964000000000000	NaN
2965000000000000	NaN
2966000000000000	NaN
2967000000000000	NaN
2968000000000000	NaN
2969000000000000	NaN
2970000000000000	NaN
2971000000000000	NaN
2972000000000000	NaN
2973000000000000	NaN
2974000000000000	NaN
2975000000000000	NaN
2976000000000000	NaN
2977000000000000	NaN
2978000000000000	NaN
2979000000000000	NaN
2980000000000000	NaN
2981000000000000	NaN
2982000000000000	NaN
2983000000000000	NaN
2984000000000000	NaN
2985000000000000	NaN
2986000000000000	NaN
2987000000000000	NaN
2988000000000000	NaN
2989000000000000	NaN
2990000000000000	NaN
2991000000000000	NaN
2992000000000000	NaN
2993000000000000	NaN
2994000000000000	NaN
2995000000000000	NaN
2996000000000000	NaN
2997000000000000	NaN
2998000000000000	NaN
2999000000000000	NaN
3000000000000000	NaN
3001000000000000	NaN
3002000000000000	NaN
3003000000000000	NaN
3004000000000000	NaN
3005000000000000	NaN
3006000000000000	NaN
3007000000000000	NaN
3008000000000000	NaN
3009000000000000	NaN
3010000000000000	NaN
3011000000000000	NaN
3012000000000000	NaN
3013000000000000	NaN
3014000000000000	NaN
3015000000000000	NaN
3016000000000000	NaN
3017000000000000	NaN
3018000000000000	NaN
3019000000000000	NaN
3020000000000000	NaN
3021000000000000	NaN
3022000000000000	NaN
3023000000000000	NaN
3024000000000000	NaN
3025000000000000	NaN
3026000000000000	NaN
3027000000000000	NaN
3028000000000000	NaN
3029000000000000	NaN
3030000000000000	NaN
3031000000000000	NaN
3032000000000000	NaN
3033000000000000	NaN
3034000000000000	NaN
3035000000000000	NaN
3036000000000000	NaN
3037000000000000	NaN
3038000000000000	NaN
3039000000000000	NaN
3040000000000000	NaN
3041000000000000	NaN
3042000000000000	NaN
3043000000000000	NaN
3044000000000000	NaN
3045000000000000	NaN
3046000000000000	NaN
3047000000000000	NaN
3048000000000000	NaN
3049000000000000	NaN
3050000000000000	NaN
3051000000000000	NaN
3052000000000000	NaN
3053000000000000	NaN
3054000000000000	NaN
3055000000000000	NaN
3056000000000000	NaN
3057000000000000	NaN
3058000000000000	NaN
3059000000000000	NaN
3060000000000000	NaN
3061000000000000	NaN
3062000000000000	NaN
3063000000000000	NaN
3064000000000000	NaN
3065000000000000	NaN
3066000000000000	NaN
3067000000000000	NaN
3068000000000000	NaN
3069000000000000	NaN
3070000000000000	NaN
3071000000000000	NaN
3072000000000000	NaN
3073000000000000	NaN
3074000000000000	NaN
3075000000000000	NaN
3076000000000000	NaN
3077000000000000	NaN
3078000000000000	NaN
3079000000000000	NaN
3080000000000000	NaN
3081000000000000	NaN
3082000000000000	NaN
3083000000000000	NaN
3084000000000000	NaN
3085000000000000	NaN
3086000000000000	NaN
3087000000000000	NaN
3088000000000000	NaN
3089000000000000	NaN
3090000000000000	NaN
3091000000000000	NaN
3092000000000000	NaN
3093000000000000	NaN
3094000000000000	NaN
3095000000000000	NaN
3096000000000000	NaN
3097000000000000	NaN
3098000000000000	NaN
3099000000000000	NaN
3100000000000000	NaN
3101000000000000	NaN
3102000000000000	NaN
3103000000000000	NaN
3104000000000000	NaN
3105000000000000	NaN
3106000000000000	NaN
3107000000000000	NaN
3108000000000000	NaN
3109000000000000	NaN
3110000000000000	NaN
3111000000000000	NaN
3112000000000000	NaN
3113000000000000	NaN
3114000000000000	NaN
3115000000000000	NaN
3116000000000000	NaN
3117000000000000	NaN
3118000000000000	NaN
3119000000000000	NaN
3120000000000000	NaN
3121000000000000	NaN
3122000000000000	NaN
3123000000000000	NaN
3124000000000000	NaN
3125000000000000	NaN
3126000000000000	NaN
3127000000000000	NaN
3128000000000000	NaN
3129000000000000	NaN
3130000000000000	NaN
3131000000000000	NaN
3132000000000000	NaN
3133000000000000	NaN
3134000000000000	NaN
3135000000000000	NaN
3136000000000000	NaN
3137000000000000	NaN
3138000000000000	NaN
3139000000000000	NaN
3140000000000000	NaN
3141000000000000	NaN
3142000000000000	NaN
3143000000000000	NaN
3144000000000000	NaN
3145000000000000	NaN
3146000000000000	NaN
3147000000000000	NaN
3148000000000000	NaN
3149000000000000	NaN
3150000000000000	NaN
3151000000000000	NaN
3152000000000000	NaN
3153000000000000	NaN
3154000000000000	NaN
3155000000000000	NaN
3156000000000000	NaN
3157000000000000	NaN
3158000000000000	NaN
3159000000000000	NaN
3160000000000000	NaN
3161000000000000	NaN
3162000000000000	NaN
3163000000000000	NaN
3164000000000000	NaN
3165000000000000	NaN
3166000000000000	NaN
3167000000000000	NaN
3168000000000000	NaN
3169000000000000	NaN
3170000000000000	NaN
3171000000000000	NaN
3172000000000000	NaN
3173000000000000	NaN
3174000000000000	NaN
3175000000000000	NaN
3176000000000000	NaN
3177000000000000	NaN
3178000000000000	NaN
3179000000000000	NaN
3180000000000000	NaN
3181000000000000	NaN
3182000000000000	NaN
3183000000000000	NaN
3184000000000000	NaN
3185000000000000	NaN
3186000000000000	NaN
3187000000000000	NaN
3188000000000000	NaN
3189000000000000	NaN
3190000000000000	NaN
3191000000000000	NaN
3192000000000000	NaN
3193000000000000	NaN
3194000000000000	NaN
3195000000000000	NaN
3196000000000000	NaN
3197000000000000	NaN
3198000000000000	NaN
3199000000000000	NaN
3200000000000000	NaN
3201000000000000	NaN
3202000000000000	NaN
3203000000000000	NaN
3204000000000000	NaN
3205000000000000	NaN
3206000000000000	NaN
3207000000000000	NaN
3208000000000000	NaN
3209000000000000	NaN
3210000000000000	NaN
3211000000000000	NaN
3212000000000000	NaN
3213000000000000	NaN
3214000000000000	NaN
3215000000000000	NaN
3216000000000000	NaN
3217000000000000	NaN
3218000000000000	NaN
3219000000000000	NaN
3220000000000000	NaN
3221000000000000	NaN
3222000000000000	NaN
3223000000000000	NaN
3224000000000000	NaN
3225000000000000	NaN
3226000000000000	NaN
3227000000000000	NaN
3228000000000000	NaN
3229000000000000	NaN
3230000000000000	NaN
3231000000000000	NaN
3232000000000000	NaN
3233000000000000	NaN
3234000000000000	NaN
3235000000000000	NaN
3236000000000000	NaN
3237000000000000	NaN
3238000000000000	NaN
3239000000000000	NaN
3240000000000000	NaN
3241000000000000	NaN
3242000000000000	NaN
3243000000000000	NaN
3244000000000000	NaN
3245000000000000	NaN
3246000000000000	NaN
3247000000000000	NaN
3248000000000000	NaN
3249000000000000	NaN
3250000000000000	NaN
3251000000000000	NaN
3252000000000000	NaN
3253000000000000	NaN
3254000000000000	NaN
3255000000000000	NaN
3256000000000000	NaN
3257000000000000	NaN
3258000000000000	NaN
3259000000000000	NaN
3260000000000000	NaN
3261000000000000	NaN
3262000000000000	NaN
3263000000000000	NaN
3264000000000000	NaN
3265000000000000	NaN
3266000000000000	NaN
3267000000000000	NaN
3268000000000000	NaN
3269000000000000	NaN
3270000000000000	NaN
3271000000000000	NaN
3272000000000000	NaN
3273000000000000	NaN
3274000000000000	NaN
3275000000000000	NaN
3276000000000000	NaN
3277000000000000	NaN
3278000000000000	NaN
3279000000000000	NaN
3280000000000000	NaN
3281000000000000	NaN
3282000000000000	NaN
3283000000000000	NaN
3284000000000000	NaN
3285000000000000	NaN
3286000000000000	NaN
3287000000000000	NaN
3288000000000000	NaN
3289000000000000	NaN
3290000000000000	NaN
3291000000000000	NaN
3292000000000000	NaN
3293000000000000	NaN
3294000000000000	NaN
3295000000000000	NaN
3296000000000000	NaN
3297000000000000	NaN
3298000000000000	NaN
3299000000000000	NaN
3300000000000000	NaN
3301000000000000	NaN
3302000000000000	NaN
3303000000000000	NaN
3304000000000000	NaN
3305000000000000	NaN
3306000000000000	NaN
3307000000000000	NaN
3308000000000000	NaN
3309000000000000	NaN
3310000000000000	NaN
3311000000000000	NaN
3312000000000000	NaN
3313000000000000	NaN
3314000000000000	NaN
3315000000000000	NaN
3316000000000000	NaN
3317000000000000	NaN
3318000000000000	NaN
3319000000000000	NaN
3320000000000000	NaN
3321000000000000	NaN
3322000000000000	NaN
3323000000000000	NaN
3324000000000000	NaN
3325000000000000	NaN
3326000000000000	NaN
3327000000000000	NaN
3328000000000000	NaN
3329000000000000	NaN
3330000000000000	NaN
3331000000000000	NaN
3332000000000000	NaN
3333000000000000	NaN
3334000000000000	NaN
3335000000000000	NaN
3336000000000000	NaN
3337000000000000	NaN
3338000000000000	NaN
3339000000000000	NaN
3340000000000000	NaN
3341000000000000	NaN
3342000000000000	NaN
3343000000000000	NaN
3344000000000000	NaN
3345000000000000	NaN
3346000000000000	NaN
3347000000000000	NaN
3348000000000000	NaN
3349000000000000	NaN
3350000000000000	NaN
3351000000000000	NaN
3352000000000000	NaN
3353000000000000	NaN
3354000000000000	NaN
3355000000000000	NaN
3356000000000000	NaN
3357000000000000	NaN
3358000000000000	NaN
3359000000000000	NaN
3360000000000000	NaN
3361000000000000	NaN
3362000000000000	NaN
3363000000000000	NaN
3364000000000000	NaN
3365000000000000	NaN
3366000000000000	NaN
3367000000000000	NaN
3368000000000000	NaN
3369000000000000	NaN
3370000000000000	NaN
3371000000000000	NaN
3372000000000000	NaN
3373000000000000	NaN
3374000000000000	NaN
3375000000000000	NaN
3376000000000000	NaN
3377000000000000	NaN
3378000000000000	NaN
3379000000000000	NaN
3380000000000000	NaN
3381000000000000	NaN
3382000000000000	NaN
3383000000000000	NaN
3384000000000000	NaN
3385000000000000	NaN
3386000000000000	NaN
3387000000000000	NaN
3388000000000000	NaN
3389000000000000	NaN
3390000000000000	NaN
3391000000000000	NaN
3392000000000000	NaN
3393000000000000	NaN
3394000000000000	NaN
3395000000000000	NaN
3396000000000000	NaN
3397000000000000	NaN
3398000000000000	NaN
3399000000000000	NaN
3400000000000000	NaN
3401000000000000	NaN
3402000000000000	NaN
3403000000000000	NaN
3404000000000000	NaN
3405000000000000	NaN
3406000000000000	NaN
3407000000000000	NaN
3408000000000000	NaN
3409000000000000	NaN
3410000000000000	NaN
3411000000000000	NaN
3412000000000000	NaN
3413000000000000	NaN
3414000000000000	NaN
3415000000000000	NaN
3416000000000000	NaN
3417000000000000	NaN
3418000000000000	NaN
3419000000000000	NaN
3420000000000000	NaN
3421000000000000	NaN
3422000000000000	NaN
3423000000000000	NaN
3424000000000000	NaN
3425000000000000	NaN
3426000000000000	NaN
3427000000000000	NaN
3428000000000000	NaN
3429000000000000	NaN
3430000000000000	NaN
3431000000000000	NaN
3432000000000000	NaN
3433000000000000	NaN
3434000000000000	NaN
3435000000000000	NaN
3436000000000000	NaN
3437000000000000	NaN
3438000000000000	NaN
3439000000000000	NaN
3440000000000000	NaN
3441000000000000	NaN
3442000000000000	NaN
3443000000000000	NaN
3444000000000000	NaN
3445000000000000	NaN
3446000000000000	NaN
3447000000000000	NaN
3448000000000000	NaN
3449000000000000	NaN
3450000000000000	NaN
3451000000000000	NaN
3452000000000000	NaN
3453000000000000	NaN
3454000000000000	NaN
3455000000000000	NaN
3456000000000000	NaN
3457000000000000	NaN
3458000000000000	NaN
3459000000000000	NaN
3460000000000000	NaN
3461000000000000	NaN
3462000000000000	NaN
3463000000000000	NaN
3464000000000000	NaN
3465000000000000	NaN
3466000000000000	NaN
3467000000000000	NaN
3468000000000000	NaN
3469000000000000	NaN
3470000000000000	NaN
3471000000000000	NaN
3472000000000000	NaN
3473000000000000	NaN
3474000000000000	NaN
3475000000000000	NaN
3476000000000000	NaN
3477000000000000	NaN
3478000000000000	NaN
3479000000000000	NaN
3480000000000000	NaN
3481000000000000	NaN
3482000000000000	NaN
3483000000000000	NaN
3484000000000000	NaN
3485000000000000	NaN
3486000000000000	NaN
3487000000000000	NaN
3488000000000000	NaN
3489000000000000	NaN
3490000000000000	NaN
3491000000000000	NaN
3492000000000000	NaN
3493000000000000	NaN
3494000000000000	NaN
3495000000000000	NaN
3496000000000000	NaN
3497000000000000	NaN
3498000000000000	NaN
3499000000000000	NaN
3500000000000000	NaN
3501000000000000	NaN
3502000000000000	NaN
3503000000000000	NaN
3504000000000000	NaN
3505000000000000	NaN
3506000000000000	NaN
3507000000000000	NaN
3508000000000000	NaN
3509000000000000	NaN
3510000000000000	NaN
3511000000000000	NaN
3512000000000000	NaN
3513000000000000	NaN
3514000000000000	NaN
3515000000000000	NaN
3516000000000000	NaN
3517000000000000	NaN
3518000000000000	NaN
3519000000000000	NaN
3520000000000000	NaN
3521000000000000	NaN
3522000000000000	NaN
3523000000000000	NaN
3524000000000000	NaN
3525000000000000	NaN
3526000000000000	NaN
3527000000000000	NaN
3528000000000000	NaN
3529000000000000	NaN
3530000000000000	NaN
3531000000000000	NaN
3532000000000000	NaN
3533000000000000	NaN
3534000000000000	NaN
3535000000000000	NaN
3536000000000000	NaN
3537000000000000	NaN
3538000000000000	NaN
3539000000000000	NaN
3540000000000000	NaN
3541000000000000	NaN
3542000000000000	NaN
3543000000000000	NaN
3544000000000000	NaN
3545000000000000	NaN
3546000000000000	NaN
3547000000000000	NaN
3548000000000000	NaN
3549000000000000	NaN
3550000000000000	NaN
3551000000000000	NaN
3552000000000000	NaN
3553000000000000	NaN
3554000000000000	NaN
3555000000000000	NaN
3556000000000000	NaN
3557000000000000	NaN
3558000000000000	NaN
3559000000000000	NaN
3560000000000000	NaN
3561000000000000	NaN
3562000000000000	NaN
3563000000000000	NaN
3564000000000000	NaN
3565000000000000	NaN
3566000000000000	NaN
3567000000000000	NaN
3568000000000000	NaN
3569000000000000	NaN
3570000000000000	NaN
3571000000000000	NaN
3572000000000000	NaN
3573000000000000	NaN
3574000000000000	NaN
3575000000000000	NaN
3576000000000000	NaN
3577000000000000	NaN
3578000000000000	NaN
3579000000000000	NaN
3580000000000000	NaN
3581000000000000	NaN
3582000000000000	NaN
3583000000000000	NaN
3584000000000000	NaN
3585000000000000	NaN
3586000000000000	NaN
3587000000000000	NaN
3588000000000000	NaN
3589000000000000	NaN
3590000000000000	NaN
3591000000000000	NaN
3592000000000000	NaN
3593000000000000	NaN
3594000000000000	NaN
3595000000000000	NaN
3596000000000000	NaN
3597000000000000	NaN
3598000000000000	NaN
3599000000000000	NaN
3600000000000000	NaN
3601000000000000	NaN
3602000000000000	NaN
3603000000000000	NaN
3604000000000000	NaN
3605000000000000	NaN
3606000000000000	NaN
3607000000000000	NaN
3608000000000000	NaN
3609000000000000	NaN
3610000000000000	NaN
3611000000000000	NaN
3612000000000000	NaN
3613000000000000	NaN
3614000000000000	NaN
3615000000000000	NaN
3616000000000000	NaN
3617000000000000	NaN
3618000000000000	NaN
3619000000000000	NaN
3620000000000000	NaN
3621000000000000	NaN
3622000000000000	NaN
3623000000000000	NaN
3624000000000000	NaN
3625000000000000	NaN
3626000000000000	NaN
3627000000000000	NaN
3628000000000000	NaN
3629000000000000	NaN
3630000000000000	NaN
3631000000000000	NaN
3632000000000000	NaN
3633000000000000	NaN
3634000000000000	NaN
3635000000000000	NaN
3636000000000000	NaN
3637000000000000	NaN
3638000000000000	NaN
3639000000000000	NaN
3640000000000000	NaN
3641000000000000	NaN
3642000000000000	NaN
3643000000000000	NaN
3644000000000000	NaN
3645000000000000	NaN
3646000000000000	NaN
3647000000000000	NaN
3648000000000000	NaN
3649000000000000	NaN
3650000000000000	NaN
3651000000000000	NaN
3652000000000000	NaN
3653000000000000	NaN
3654000000000000	NaN
3655000000000000	NaN
3656000000000000	NaN
3657000000000000	NaN
3658000000000000	NaN
3659000000000000	NaN
3660000000000000	NaN
3661000000000000	NaN
3662000000000000	NaN
3663000000000000	NaN
3664000000000000	NaN
3665000000000000	NaN
3666000000000000	NaN
3667000000000000	NaN
3668000000000000	NaN
3669000000000000	NaN
3670000000000000	NaN
3671000000000000	NaN
3672000000000000	NaN
3673000000000000	NaN
3674000000000000	NaN
3675000000000000	NaN
3676000000000000	NaN
3677000000000000	NaN
3678000000000000	NaN
3679000000000000	NaN
3680000000000000	NaN
3681000000000000	NaN
3682000000000000	NaN
3683000000000000	NaN
3684000000000000	NaN
3685000000000000	NaN
3686000000000000	NaN
3687000000000000	NaN
3688000000000000	NaN
3689000000000000	NaN
3690000000000000	NaN
3691000000000000	NaN
3692000000000000	NaN
3693000000000000	NaN
3694000000000000	NaN
3695000000000000	NaN
3696000000000000	NaN
3697000000000000	NaN
3698000000000000	NaN
3699000000000000	NaN
3700000000000000	NaN
3701000000000000	NaN
3702000000000000	NaN
3703000000000000	NaN
3704000000000000	NaN
3705000000000000	NaN
3706000000000000	NaN
3707000000000000	NaN
3708000000000000	NaN
3709000000000000	NaN
3710000000000000	NaN
3711000000000000	NaN
3712000000000000	NaN
3713000000000000	NaN
3714000000000000	NaN
3715000000000000	NaN
3716000000000000	NaN
3717000000000000	NaN
3718000000000000	NaN
3719000000000000	NaN
3720000000000000	NaN
3721000000000000	NaN
3722000000000000	NaN
3723000000000000	NaN
3724000000000000	NaN
3725000000000000	NaN
3726000000000000	NaN
3727000000000000	NaN
3728000000000000	NaN
3729000000000000	NaN
3730000000000000	NaN
3731000000000000	NaN
3732000000000000	NaN
3733000000000000	NaN
3734000000000000	NaN
3735000000000000	NaN
3736000000000000	NaN
3737000000000000	NaN
3738000000000000	NaN
3739000000000000	NaN
3740000000000000	NaN
3741000000000000	NaN
3742000000000000	NaN
3743000000000000	NaN
3744000000000000	NaN
3745000000000000	NaN
3746000000000000	NaN
3747000000000000	NaN
3748000000000000	NaN
3749000000000000	NaN
3750000000000000	NaN
3751000000000000	NaN
3752000000000000	NaN
3753000000000000	NaN
3754000000000000	NaN
3755000000000000	NaN
3756000000000000	NaN
3757000000000000	NaN
3758000000000000	NaN
3759000000000000	NaN
3760000000000000	NaN
3761000000000000	NaN
3762000000000000	NaN
3763000000000000	NaN
3764000000000000	NaN
3765000000000000	NaN
3766000000000000	NaN
3767000000000000	NaN
3768000000000000	NaN
3769000000000000	NaN
3770000000000000	NaN
3771000000000000	NaN
3772000000000000	NaN
3773000000000000	NaN
3774000000000000	NaN
3775000000000000	NaN
3776000000000000	NaN
3777000000000000	NaN
3778000000000000	NaN
3779000000000000	NaN
3780000000000000	NaN
3781000000000000	NaN
3782000000000000	NaN
3783000000000000	NaN
3784000000000000	NaN
3785000000000000	NaN
3786000000000000	NaN
3787000000000000	NaN
3788000000000000	NaN
3789000000000000	NaN
3790000000000000	NaN
3791000000000000	NaN
3792000000000000	NaN
3793000000000000	NaN
3794000000000000	NaN
3795000000000000	NaN
3796000000000000	NaN
3797000000000000	NaN
3798000000000000	NaN
3799000000000000	NaN
3800000000000000	NaN
3801000000000000	NaN
3802000000000000	NaN
3803000000000000	NaN
3804000000000000	NaN
3805000000000000	NaN
3806000000000000	NaN
3807000000000000	NaN
3808000000000000	NaN
3809000000000000	NaN
3810000000000000	NaN
3811000000000000	NaN
3812000000000000	NaN
3813000000000000	NaN
3814000000000000	NaN
3815000000000000	NaN
3816000000000000	NaN
3817000000000000	NaN
3818000000000000	NaN
3819000000000000	NaN
3820000000000000	NaN
3821000000000000	NaN
3822000000000000	NaN
3823000000000000	NaN
3824000000000000	NaN
3825000000000000	NaN
3826000000000000	NaN
3827000000000000	NaN
3828000000000000	NaN
3829000000000000	NaN
3830000000000000	NaN
3831000000000000	NaN
3832000000000000	NaN
3833000000000000	NaN
3834000000000000	NaN
3835000000000000	NaN
3836000000000000	NaN
3837000000000000	NaN
3838000000000000	NaN
3839000000000000	NaN
3840000000000000	NaN
3841000000000000	NaN
3842000000000000	NaN
3843000000000000	NaN
3844000000000000	NaN
3845000000000000	NaN
3846000000000000	NaN
3847000000000000	NaN
3848000000000000	NaN
3849000000000000	NaN
3850000000000000	NaN
3851000000000000	NaN
3852000000000000	NaN
3853000000000000	NaN
3854000000000000	NaN
3855000000000000	NaN
3856000000000000	NaN
3857000000000000	NaN
3858000000000000	NaN
3859000000000000	NaN
3860000000000000	NaN
3861000000000000	NaN
3862000000000000	NaN
3863000000000000	NaN
3864000000000000	NaN
3865000000000000	NaN
3866000000000000	NaN
3867000000000000	NaN
3868000000000000	NaN
3869000000000000	NaN
3870000000000000	NaN
3871000000000000	NaN
3872000000000000	NaN
3873000000000000	NaN
3874000000000000	NaN
3875000000000000	NaN
3876000000000000	NaN
3877000000000000	NaN
3878000000000000	NaN
3879000000000000	NaN
3880000000000000	NaN
3881000000000000	NaN
3882000000000000	NaN
3883000000000000	NaN
3884000000000000	NaN
3885000000000000	NaN
3886000000000000	NaN
3887000000000000	NaN
3888000000000000	NaN
3889000000000000	NaN
3890000000000000	NaN
3891000000000000	NaN
3892000000000000	NaN
3893000000000000	NaN
3894000000000000	NaN
3895000000000000	NaN
3896000000000000	NaN
3897000000000000	NaN
3898000000000000	NaN
3899000000000000	NaN
3900000000000000	NaN
3901000000000000	NaN
3902000000000000	NaN
3903000000000000	NaN
3904000000000000	NaN
3905000000000000	NaN
3906000000000000	NaN
3907000000000000	NaN
3908000000000000	NaN
3909000000000000	NaN
3910000000000000	NaN
3911000000000000	NaN
3912000000000000	NaN
3913000000000000	NaN
3914000000000000	NaN
3915000000000000	NaN
3916000000000000	NaN
3917000000000000	NaN
3918000000000000	NaN
3919000000000000	NaN
3920000000000000	NaN
3921000000000000	NaN
3922000000000000	NaN
3923000000000000	NaN
3924000000000000	NaN
3925000000000000	NaN
3926000000000000	NaN
3927000000000000	NaN
3928000000000000	NaN
3929000000000000	NaN
3930000000000000	NaN
3931000000000000	NaN
3932000000000000	NaN
3933000000000000	NaN
3934000000000000	NaN
3935000000000000	NaN
3936000000000000	NaN
3937000000000000	NaN
3938000000000000	NaN
3939000000000000	NaN
3940000000000000	1
3941000000000000	1
3942000000000000	1
3943000000000000	0
3944000000000000	4
3945000000000000	2
3946000000000000	2
3947000000000000	2
3948000000000000	1
3949000000000000	1
3950000000000000	0
3951000000000000	1
3952000000000000	2
3953000000000000	1
3954000000000000	2
3955000000000000	3
3956000000000000	4
3957000000000000	2
3958000000000000	0
3959000000000000	3
3960000000000000	0
3961000000000000	3
3962000000000000	1
3963000000000000	4
3964000000000000	1
3965000000000000	3
3966000000000000	3
3967000000000000	1
3968000000000000	0
3969000000000000	2
3970000000000000	0
3971000000000000	0
3972000000000000	0
3973000000000000	0
3974000000000000	1
3975000000000000	0
3976000000000000	0
3977000000000000	2
3978000000000000	0
3979000000000000	1
3980000000000000	3
3981000000000000	2
3982000000000000	0
3983000000000000	0
3984000000000000	5
3985000000000000	1
3986000000000000	3
3987000000000000	1
3988000000000000	3
3989000000000000	1
3990000000000000	1
3991000000000000	0
3992000000000000	0
3993000000000000	1
3994000000000000	1
3995000000000000	1
3996000000000000	2
3997000000000000	2
3998000000000000	0
3999000000000000	1
