"Time (ps)"	"Counts per bin"
0	13184462
100	0
200	0
300	0
400	0
500	0
600	0
700	0
800	0
900	0
1000	0
1100	0
1200	0
1300	0
1400	0
1500	0
1600	0
1700	0
1800	0
1900	0
2000	0
2100	0
2200	0
2300	0
2400	0
2500	0
2600	0
2700	0
2800	0
2900	0
3000	0
3100	0
3200	0
3300	0
3400	0
3500	0
3600	0
3700	0
3800	0
3900	0
4000	0
4100	0
4200	0
4300	0
4400	0
4500	0
4600	0
4700	0
4800	0
4900	0
5000	0
5100	0
5200	0
5300	0
5400	0
5500	0
5600	0
5700	0
5800	0
5900	0
6000	0
6100	0
6200	0
6300	0
6400	0
6500	0
6600	0
6700	0
6800	0
6900	0
7000	0
7100	0
7200	0
7300	0
7400	0
7500	0
7600	0
7700	0
7800	0
7900	0
8000	0
8100	0
8200	0
8300	0
8400	0
8500	0
8600	0
8700	0
8800	0
8900	0
9000	0
9100	0
9200	0
9300	0
9400	0
9500	0
9600	0
9700	0
9800	0
9900	0
10000	0
10100	0
10200	0
10300	0
10400	0
10500	0
10600	0
10700	0
10800	0
10900	0
11000	0
11100	0
11200	0
11300	0
11400	0
11500	0
11600	0
11700	0
11800	2
11900	0
12000	0
12100	0
12200	1
12300	0
12400	0
12500	0
12600	0
12700	1
12800	1
12900	0
13000	4
13100	6
13200	5
13300	15
13400	19
13500	22
13600	38
13700	67
13800	63
13900	99
14000	138
14100	147
14200	165
14300	213
14400	219
14500	225
14600	210
14700	242
14800	228
14900	272
15000	270
15100	278
15200	294
15300	296
15400	334
15500	335
15600	369
15700	397
15800	375
15900	385
16000	393
16100	403
16200	387
16300	425
16400	408
16500	410
16600	418
16700	442
16800	427
16900	431
17000	443
17100	418
17200	454
17300	424
17400	460
17500	439
17600	459
17700	474
17800	478
17900	475
18000	504
18100	470
18200	489
18300	498
18400	515
18500	498
18600	468
18700	524
18800	508
18900	489
19000	504
19100	533
19200	507
19300	511
19400	519
19500	491
19600	504
19700	512
19800	494
19900	543
20000	545
20100	545
20200	513
20300	512
20400	548
20500	529
20600	555
20700	520
20800	562
20900	537
21000	508
21100	527
21200	546
21300	552
21400	533
21500	533
21600	526
21700	543
21800	526
21900	538
22000	505
22100	534
22200	541
22300	516
22400	502
22500	575
22600	559
22700	565
22800	537
22900	530
23000	553
23100	578
23200	556
23300	548
23400	571
23500	543
23600	545
23700	603
23800	542
23900	567
24000	547
24100	525
24200	591
24300	530
24400	643
24500	564
24600	576
24700	548
24800	593
24900	573
25000	549
25100	554
25200	551
25300	586
25400	568
25500	576
25600	536
25700	551
25800	549
25900	555
26000	578
26100	607
26200	596
26300	606
26400	641
26500	591
26600	610
26700	623
26800	599
26900	605
27000	631
27100	572
27200	561
27300	574
27400	555
27500	582
27600	603
27700	549
27800	593
27900	526
28000	575
28100	588
28200	577
28300	596
28400	571
28500	562
28600	552
28700	543
28800	593
28900	583
29000	564
29100	594
29200	537
29300	554
29400	603
29500	619
29600	566
29700	540
29800	622
29900	576
30000	579
30100	541
30200	552
30300	572
30400	589
30500	580
30600	568
30700	569
30800	560
30900	591
31000	584
31100	580
31200	629
31300	584
31400	577
31500	578
31600	597
31700	612
31800	550
31900	566
32000	578
32100	592
32200	579
32300	595
32400	593
32500	591
32600	570
32700	603
32800	561
32900	566
33000	623
33100	595
33200	562
33300	585
33400	585
33500	624
33600	599
33700	576
33800	591
33900	555
34000	600
34100	579
34200	592
34300	574
34400	553
34500	575
34600	546
34700	576
34800	575
34900	608
35000	567
35100	571
35200	555
35300	622
35400	592
35500	576
35600	575
35700	565
35800	587
35900	570
36000	576
36100	576
36200	571
36300	593
36400	585
36500	587
36600	562
36700	546
36800	563
36900	544
37000	546
37100	573
37200	600
37300	562
37400	565
37500	612
37600	587
37700	599
37800	560
37900	571
38000	626
38100	584
38200	577
38300	587
38400	608
38500	580
38600	560
38700	621
38800	547
38900	578
39000	609
39100	585
39200	597
39300	581
39400	557
39500	576
39600	572
39700	537
39800	620
39900	586
40000	592
40100	584
40200	553
40300	560
40400	540
40500	632
40600	583
40700	572
40800	577
40900	573
41000	607
41100	613
41200	598
41300	586
41400	524
41500	596
41600	605
41700	574
41800	607
41900	562
42000	563
42100	579
42200	592
42300	573
42400	586
42500	569
42600	557
42700	537
42800	613
42900	570
43000	592
43100	617
43200	571
43300	626
43400	590
43500	570
43600	579
43700	580
43800	548
43900	581
44000	583
44100	578
44200	556
44300	591
44400	603
44500	610
44600	516
44700	612
44800	578
44900	623
45000	554
45100	583
45200	555
45300	612
45400	551
45500	546
45600	565
45700	582
45800	606
45900	580
46000	558
46100	578
46200	571
46300	553
46400	570
46500	562
46600	551
46700	566
46800	573
46900	586
47000	540
47100	564
47200	551
47300	569
47400	588
47500	575
47600	587
47700	571
47800	581
47900	589
48000	576
48100	624
48200	560
48300	553
48400	595
48500	572
48600	569
48700	529
48800	606
48900	606
49000	609
49100	574
49200	591
49300	566
49400	556
49500	551
49600	579
49700	576
49800	595
49900	549
50000	616
50100	599
50200	574
50300	593
50400	604
50500	554
50600	595
50700	582
50800	591
50900	590
51000	577
51100	581
51200	578
51300	573
51400	577
51500	532
51600	611
51700	617
51800	588
51900	581
52000	556
52100	644
52200	613
52300	554
52400	579
52500	513
52600	576
52700	576
52800	570
52900	545
53000	626
53100	581
53200	602
53300	546
53400	528
53500	591
53600	593
53700	580
53800	553
53900	587
54000	602
54100	607
54200	600
54300	528
54400	590
54500	597
54600	569
54700	600
54800	599
54900	567
55000	588
55100	569
55200	621
55300	575
55400	511
55500	567
55600	556
55700	583
55800	624
55900	580
56000	564
56100	588
56200	544
56300	570
56400	605
56500	572
56600	572
56700	558
56800	545
56900	627
57000	560
57100	570
57200	569
57300	542
57400	564
57500	580
57600	574
57700	571
57800	587
57900	602
58000	556
58100	594
58200	581
58300	583
58400	584
58500	617
58600	572
58700	601
58800	602
58900	579
59000	600
59100	615
59200	567
59300	575
59400	544
59500	572
59600	548
59700	595
59800	608
59900	615
60000	598
60100	554
60200	630
60300	571
60400	601
60500	574
60600	563
60700	607
60800	540
60900	541
61000	560
61100	588
61200	598
61300	547
61400	581
61500	551
61600	615
61700	564
61800	602
61900	574
62000	506
62100	571
62200	574
62300	572
62400	567
62500	587
62600	570
62700	552
62800	604
62900	580
63000	569
63100	563
63200	619
63300	557
63400	576
63500	587
63600	555
63700	637
63800	572
63900	588
64000	607
64100	565
64200	572
64300	544
64400	622
64500	553
64600	622
64700	623
64800	575
64900	561
65000	582
65100	611
65200	587
65300	622
65400	586
65500	599
65600	587
65700	571
65800	550
65900	565
66000	572
66100	550
66200	595
66300	608
66400	558
66500	572
66600	558
66700	588
66800	580
66900	566
67000	585
67100	553
67200	551
67300	589
67400	548
67500	593
67600	568
67700	587
67800	638
67900	547
68000	573
68100	564
68200	602
68300	600
68400	605
68500	558
68600	598
68700	568
68800	589
68900	542
69000	630
69100	561
69200	558
69300	540
69400	580
69500	576
69600	577
69700	595
69800	578
69900	601
70000	595
70100	575
70200	592
70300	581
70400	522
70500	557
70600	586
70700	567
70800	572
70900	567
71000	580
71100	569
71200	640
71300	580
71400	584
71500	575
71600	594
71700	605
71800	568
71900	547
72000	577
72100	616
72200	569
72300	573
72400	571
72500	579
72600	550
72700	570
72800	572
72900	585
73000	550
73100	579
73200	577
73300	618
73400	565
73500	575
73600	572
73700	566
73800	564
73900	599
74000	598
74100	572
74200	598
74300	575
74400	621
74500	601
74600	533
74700	552
74800	599
74900	583
75000	584
75100	581
75200	560
75300	581
75400	549
75500	588
75600	580
75700	557
75800	579
75900	557
76000	568
76100	585
76200	604
76300	579
76400	520
76500	550
76600	568
76700	599
76800	569
76900	640
77000	574
77100	605
77200	574
77300	578
77400	590
77500	597
77600	541
77700	568
77800	583
77900	586
78000	603
78100	578
78200	618
78300	565
78400	548
78500	549
78600	550
78700	566
78800	609
78900	588
79000	597
79100	578
79200	567
79300	608
79400	568
79500	556
79600	546
79700	598
79800	548
79900	592
80000	609
80100	557
80200	583
80300	530
80400	548
80500	572
80600	593
80700	574
80800	578
80900	610
81000	563
81100	581
81200	638
81300	598
81400	583
81500	581
81600	592
81700	556
81800	576
81900	605
82000	579
82100	573
82200	609
82300	544
82400	615
82500	571
82600	607
82700	590
82800	613
82900	583
83000	593
83100	602
83200	576
83300	580
83400	613
83500	516
83600	587
83700	621
83800	565
83900	581
84000	580
84100	571
84200	600
84300	581
84400	578
84500	590
84600	584
84700	563
84800	561
84900	553
85000	606
85100	558
85200	590
85300	621
85400	585
85500	605
85600	558
85700	588
85800	592
85900	581
86000	581
86100	584
86200	580
86300	597
86400	573
86500	587
86600	572
86700	555
86800	631
86900	616
87000	652
87100	593
87200	614
87300	563
87400	569
87500	581
87600	578
87700	548
87800	558
87900	607
88000	550
88100	635
88200	589
88300	606
88400	583
88500	633
88600	568
88700	524
88800	612
88900	541
89000	592
89100	550
89200	593
89300	578
89400	551
89500	567
89600	611
89700	588
89800	648
89900	575
90000	611
90100	553
90200	593
90300	592
90400	551
90500	617
90600	572
90700	580
90800	575
90900	555
91000	626
91100	570
91200	536
91300	600
91400	627
91500	584
91600	577
91700	664
91800	567
91900	562
92000	530
92100	553
92200	577
92300	586
92400	561
92500	586
92600	552
92700	578
92800	616
92900	583
93000	589
93100	562
93200	569
93300	586
93400	572
93500	594
93600	563
93700	598
93800	605
93900	586
94000	559
94100	574
94200	598
94300	557
94400	579
94500	541
94600	564
94700	593
94800	585
94900	567
95000	554
95100	557
95200	558
95300	583
95400	541
95500	537
95600	535
95700	575
95800	580
95900	599
96000	566
96100	566
96200	599
96300	573
96400	568
96500	627
96600	535
96700	569
96800	600
96900	569
97000	559
97100	551
97200	609
97300	598
97400	569
97500	615
97600	552
97700	587
97800	614
97900	560
98000	584
98100	609
98200	613
98300	563
98400	581
98500	593
98600	577
98700	552
98800	575
98900	571
99000	597
99100	622
99200	599
99300	590
99400	575
99500	582
99600	566
99700	572
99800	571
99900	568
