"Time (ps)"	"Counts per bin"
0	29631645
100	0
200	0
300	0
400	0
500	0
600	0
700	0
800	0
900	0
1000	0
1100	0
1200	0
1300	0
1400	0
1500	0
1600	0
1700	0
1800	0
1900	0
2000	0
2100	0
2200	0
2300	0
2400	0
2500	0
2600	0
2700	0
2800	0
2900	0
3000	0
3100	0
3200	0
3300	0
3400	0
3500	0
3600	0
3700	0
3800	0
3900	0
4000	0
4100	0
4200	0
4300	0
4400	0
4500	0
4600	0
4700	0
4800	0
4900	0
5000	0
5100	0
5200	0
5300	0
5400	0
5500	0
5600	0
5700	0
5800	0
5900	0
6000	0
6100	0
6200	0
6300	0
6400	0
6500	0
6600	0
6700	0
6800	0
6900	0
7000	0
7100	0
7200	0
7300	0
7400	0
7500	0
7600	0
7700	0
7800	0
7900	0
8000	0
8100	0
8200	0
8300	0
8400	0
8500	0
8600	0
8700	0
8800	0
8900	0
9000	0
9100	0
9200	0
9300	0
9400	0
9500	0
9600	0
9700	0
9800	0
9900	0
10000	0
10100	0
10200	0
10300	0
10400	0
10500	0
10600	0
10700	0
10800	0
10900	0
11000	0
11100	0
11200	0
11300	0
11400	0
11500	0
11600	0
11700	0
11800	0
11900	0
12000	0
12100	0
12200	0
12300	0
12400	0
12500	0
12600	1
12700	1
12800	1
12900	3
13000	3
13100	5
13200	4
13300	6
13400	11
13500	10
13600	23
13700	31
13800	37
13900	59
14000	92
14100	130
14200	205
14300	264
14400	343
14500	452
14600	535
14700	697
14800	710
14900	772
15000	758
15100	907
15200	925
15300	925
15400	965
15500	1010
15600	1018
15700	1048
15800	1106
15900	1110
16000	1154
16100	1241
16200	1292
16300	1269
16400	1300
16500	1374
16600	1379
16700	1288
16800	1379
16900	1378
17000	1391
17100	1336
17200	1319
17300	1334
17400	1396
17500	1308
17600	1355
17700	1317
17800	1336
17900	1330
18000	1328
18100	1379
18200	1383
18300	1373
18400	1409
18500	1385
18600	1382
18700	1401
18800	1469
18900	1399
19000	1362
19100	1377
19200	1378
19300	1397
19400	1404
19500	1416
19600	1320
19700	1471
19800	1340
19900	1368
20000	1385
20100	1430
20200	1452
20300	1411
20400	1397
20500	1471
20600	1355
20700	1394
20800	1497
20900	1394
21000	1419
21100	1460
21200	1450
21300	1430
21400	1501
21500	1413
21600	1417
21700	1426
21800	1418
21900	1384
22000	1415
22100	1384
22200	1384
22300	1446
22400	1452
22500	1429
22600	1417
22700	1423
22800	1423
22900	1346
23000	1444
23100	1393
23200	1484
23300	1371
23400	1399
23500	1430
23600	1442
23700	1438
23800	1474
23900	1462
24000	1439
24100	1487
24200	1532
24300	1467
24400	1456
24500	1493
24600	1514
24700	1446
24800	1480
24900	1482
25000	1576
25100	1458
25200	1536
25300	1417
25400	1375
25500	1493
25600	1471
25700	1419
25800	1356
25900	1411
26000	1476
26100	1425
26200	1528
26300	1593
26400	1659
26500	1545
26600	1493
26700	1580
26800	1517
26900	1494
27000	1496
27100	1534
27200	1500
27300	1541
27400	1427
27500	1518
27600	1457
27700	1447
27800	1556
27900	1478
28000	1464
28100	1432
28200	1481
28300	1486
28400	1464
28500	1445
28600	1535
28700	1442
28800	1434
28900	1460
29000	1447
29100	1489
29200	1425
29300	1455
29400	1526
29500	1407
29600	1466
29700	1429
29800	1469
29900	1433
30000	1448
30100	1476
30200	1414
30300	1425
30400	1392
30500	1425
30600	1462
30700	1443
30800	1380
30900	1510
31000	1441
31100	1449
31200	1382
31300	1433
31400	1441
31500	1459
31600	1525
31700	1482
31800	1466
31900	1460
32000	1465
32100	1425
32200	1403
32300	1419
32400	1482
32500	1450
32600	1431
32700	1462
32800	1578
32900	1419
33000	1404
33100	1423
33200	1522
33300	1507
33400	1468
33500	1442
33600	1375
33700	1389
33800	1425
33900	1508
34000	1448
34100	1487
34200	1458
34300	1464
34400	1421
34500	1531
34600	1464
34700	1430
34800	1470
34900	1460
35000	1520
35100	1506
35200	1481
35300	1408
35400	1449
35500	1401
35600	1433
35700	1443
35800	1411
35900	1423
36000	1459
36100	1403
36200	1517
36300	1454
36400	1493
36500	1427
36600	1410
36700	1458
36800	1455
36900	1483
37000	1515
37100	1444
37200	1473
37300	1405
37400	1373
37500	1371
37600	1424
37700	1458
37800	1440
37900	1529
38000	1479
38100	1450
38200	1405
38300	1425
38400	1436
38500	1455
38600	1385
38700	1435
38800	1414
38900	1502
39000	1463
39100	1410
39200	1440
39300	1496
39400	1485
39500	1432
39600	1441
39700	1495
39800	1453
39900	1453
40000	1471
40100	1469
40200	1430
40300	1432
40400	1438
40500	1392
40600	1407
40700	1449
40800	1437
40900	1531
41000	1431
41100	1512
41200	1541
41300	1437
41400	1484
41500	1447
41600	1466
41700	1489
41800	1450
41900	1430
42000	1488
42100	1390
42200	1456
42300	1498
42400	1435
42500	1456
42600	1461
42700	1442
42800	1449
42900	1453
43000	1424
43100	1445
43200	1487
43300	1430
43400	1417
43500	1450
43600	1453
43700	1506
43800	1450
43900	1367
44000	1443
44100	1395
44200	1541
44300	1447
44400	1493
44500	1409
44600	1421
44700	1445
44800	1421
44900	1467
45000	1443
45100	1419
45200	1467
45300	1454
45400	1444
45500	1460
45600	1435
45700	1425
45800	1466
45900	1502
46000	1422
46100	1469
46200	1398
46300	1499
46400	1416
46500	1464
46600	1524
46700	1406
46800	1407
46900	1457
47000	1445
47100	1487
47200	1491
47300	1516
47400	1480
47500	1468
47600	1436
47700	1476
47800	1468
47900	1551
48000	1470
48100	1495
48200	1380
48300	1495
48400	1422
48500	1414
48600	1416
48700	1514
48800	1415
48900	1429
49000	1504
49100	1481
49200	1478
49300	1421
49400	1488
49500	1432
49600	1426
49700	1436
49800	1393
49900	1437
50000	1432
50100	1489
50200	1488
50300	1455
50400	1451
50500	1469
50600	1428
50700	1436
50800	1479
50900	1515
51000	1446
51100	1474
51200	1464
51300	1562
51400	1450
51500	1400
51600	1462
51700	1429
51800	1469
51900	1526
52000	1485
52100	1484
52200	1428
52300	1457
52400	1450
52500	1489
52600	1531
52700	1415
52800	1434
52900	1479
53000	1463
53100	1492
53200	1424
53300	1478
53400	1430
53500	1473
53600	1469
53700	1481
53800	1499
53900	1492
54000	1453
54100	1485
54200	1458
54300	1409
54400	1437
54500	1492
54600	1432
54700	1478
54800	1505
54900	1417
55000	1417
55100	1506
55200	1477
55300	1477
55400	1428
55500	1407
55600	1535
55700	1451
55800	1485
55900	1446
56000	1492
56100	1511
56200	1432
56300	1457
56400	1503
56500	1472
56600	1535
56700	1516
56800	1465
56900	1480
57000	1380
57100	1538
57200	1416
57300	1517
57400	1425
57500	1464
57600	1480
57700	1491
57800	1520
57900	1442
58000	1436
58100	1509
58200	1438
58300	1473
58400	1486
58500	1492
58600	1484
58700	1481
58800	1440
58900	1460
59000	1415
59100	1420
59200	1445
59300	1422
59400	1559
59500	1436
59600	1435
59700	1485
59800	1479
59900	1506
60000	1469
60100	1492
60200	1463
60300	1425
60400	1531
60500	1433
60600	1376
60700	1503
60800	1514
60900	1458
61000	1411
61100	1454
61200	1452
61300	1531
61400	1525
61500	1458
61600	1452
61700	1418
61800	1458
61900	1481
62000	1368
62100	1501
62200	1455
62300	1432
62400	1452
62500	1472
62600	1455
62700	1477
62800	1523
62900	1417
63000	1389
63100	1454
63200	1512
63300	1420
63400	1441
63500	1504
63600	1462
63700	1449
63800	1449
63900	1399
64000	1414
64100	1496
64200	1515
64300	1454
64400	1549
64500	1432
64600	1447
64700	1465
64800	1409
64900	1484
65000	1508
65100	1427
65200	1469
65300	1474
65400	1476
65500	1444
65600	1446
65700	1426
65800	1404
65900	1487
66000	1522
66100	1428
66200	1435
66300	1479
66400	1478
66500	1475
66600	1511
66700	1427
66800	1484
66900	1479
67000	1553
67100	1502
67200	1492
67300	1475
67400	1411
67500	1452
67600	1424
67700	1457
67800	1500
67900	1488
68000	1494
68100	1467
68200	1393
68300	1481
68400	1520
68500	1499
68600	1490
68700	1469
68800	1450
68900	1514
69000	1480
69100	1463
69200	1458
69300	1473
69400	1464
69500	1515
69600	1451
69700	1500
69800	1506
69900	1476
70000	1485
70100	1542
70200	1456
70300	1483
70400	1492
70500	1433
70600	1467
70700	1458
70800	1467
70900	1505
71000	1493
71100	1487
71200	1418
71300	1483
71400	1555
71500	1489
71600	1490
71700	1496
71800	1449
71900	1477
72000	1436
72100	1473
72200	1472
72300	1471
72400	1426
72500	1400
72600	1491
72700	1429
72800	1442
72900	1536
73000	1465
73100	1480
73200	1504
73300	1515
73400	1469
73500	1405
73600	1393
73700	1458
73800	1528
73900	1440
74000	1499
74100	1500
74200	1442
74300	1406
74400	1506
74500	1508
74600	1463
74700	1463
74800	1475
74900	1474
75000	1487
75100	1461
75200	1525
75300	1546
75400	1441
75500	1554
75600	1422
75700	1458
75800	1461
75900	1438
76000	1471
76100	1471
76200	1418
76300	1484
76400	1485
76500	1458
76600	1514
76700	1460
76800	1472
76900	1485
77000	1447
77100	1515
77200	1528
77300	1436
77400	1515
77500	1502
77600	1483
77700	1540
77800	1488
77900	1466
78000	1462
78100	1516
78200	1432
78300	1421
78400	1440
78500	1462
78600	1490
78700	1427
78800	1439
78900	1397
79000	1474
79100	1484
79200	1421
79300	1398
79400	1504
79500	1539
79600	1490
79700	1483
79800	1535
79900	1427
80000	1511
80100	1436
80200	1382
80300	1458
80400	1436
80500	1356
80600	1487
80700	1434
80800	1445
80900	1562
81000	1546
81100	1466
81200	1465
81300	1494
81400	1468
81500	1494
81600	1437
81700	1489
81800	1467
81900	1455
82000	1536
82100	1369
82200	1445
82300	1468
82400	1526
82500	1434
82600	1479
82700	1448
82800	1524
82900	1457
83000	1472
83100	1487
83200	1439
83300	1509
83400	1436
83500	1460
83600	1453
83700	1545
83800	1505
83900	1436
84000	1437
84100	1435
84200	1462
84300	1433
84400	1480
84500	1438
84600	1483
84700	1491
84800	1477
84900	1517
85000	1514
85100	1393
85200	1451
85300	1488
85400	1470
85500	1498
85600	1535
85700	1413
85800	1428
85900	1458
86000	1371
86100	1460
86200	1489
86300	1507
86400	1415
86500	1490
86600	1477
86700	1407
86800	1452
86900	1445
87000	1460
87100	1494
87200	1513
87300	1412
87400	1388
87500	1492
87600	1497
87700	1474
87800	1472
87900	1464
88000	1439
88100	1396
88200	1489
88300	1491
88400	1460
88500	1478
88600	1406
88700	1472
88800	1469
88900	1386
89000	1433
89100	1490
89200	1451
89300	1425
89400	1493
89500	1503
89600	1418
89700	1439
89800	1483
89900	1498
90000	1480
90100	1431
90200	1465
90300	1426
90400	1457
90500	1425
90600	1447
90700	1558
90800	1456
90900	1478
91000	1447
91100	1455
91200	1460
91300	1514
91400	1438
91500	1471
91600	1414
91700	1443
91800	1451
91900	1510
92000	1466
92100	1475
92200	1417
92300	1442
92400	1522
92500	1469
92600	1456
92700	1391
92800	1436
92900	1518
93000	1473
93100	1423
93200	1478
93300	1470
93400	1478
93500	1489
93600	1469
93700	1484
93800	1534
93900	1505
94000	1546
94100	1461
94200	1430
94300	1463
94400	1501
94500	1408
94600	1456
94700	1497
94800	1438
94900	1488
95000	1467
95100	1505
95200	1495
95300	1498
95400	1504
95500	1517
95600	1486
95700	1423
95800	1419
95900	1482
96000	1475
96100	1397
96200	1459
96300	1409
96400	1421
96500	1474
96600	1454
96700	1531
96800	1460
96900	1454
97000	1481
97100	1513
97200	1465
97300	1427
97400	1418
97500	1345
97600	1460
97700	1464
97800	1479
97900	1488
98000	1486
98100	1502
98200	1429
98300	1437
98400	1521
98500	1461
98600	1484
98700	1494
98800	1425
98900	1475
99000	1544
99100	1475
99200	1392
99300	1517
99400	1449
99500	1460
99600	1444
99700	1469
99800	1451
99900	1410
