"Time (ps)"	"Counts per bin"
0	29615329
100	0
200	0
300	0
400	0
500	0
600	0
700	0
800	0
900	0
1000	0
1100	0
1200	0
1300	0
1400	0
1500	0
1600	0
1700	0
1800	0
1900	0
2000	0
2100	0
2200	0
2300	0
2400	0
2500	0
2600	0
2700	0
2800	0
2900	0
3000	0
3100	0
3200	0
3300	0
3400	0
3500	0
3600	0
3700	0
3800	0
3900	0
4000	0
4100	0
4200	0
4300	0
4400	0
4500	0
4600	0
4700	0
4800	0
4900	0
5000	0
5100	0
5200	0
5300	0
5400	0
5500	0
5600	0
5700	0
5800	0
5900	0
6000	0
6100	0
6200	0
6300	0
6400	0
6500	0
6600	0
6700	0
6800	0
6900	0
7000	0
7100	0
7200	0
7300	0
7400	0
7500	0
7600	0
7700	0
7800	0
7900	0
8000	0
8100	0
8200	0
8300	0
8400	0
8500	0
8600	0
8700	0
8800	0
8900	0
9000	0
9100	0
9200	0
9300	0
9400	0
9500	0
9600	0
9700	0
9800	0
9900	0
10000	0
10100	0
10200	0
10300	0
10400	0
10500	0
10600	0
10700	0
10800	0
10900	0
11000	0
11100	0
11200	0
11300	0
11400	0
11500	0
11600	0
11700	0
11800	0
11900	0
12000	0
12100	0
12200	0
12300	0
12400	2
12500	1
12600	0
12700	1
12800	1
12900	0
13000	2
13100	5
13200	5
13300	8
13400	11
13500	11
13600	15
13700	34
13800	38
13900	78
14000	86
14100	144
14200	167
14300	282
14400	339
14500	414
14600	542
14700	681
14800	738
14900	782
15000	815
15100	846
15200	903
15300	926
15400	1014
15500	978
15600	1022
15700	1067
15800	1150
15900	1132
16000	1192
16100	1181
16200	1270
16300	1311
16400	1304
16500	1335
16600	1321
16700	1354
16800	1383
16900	1347
17000	1341
17100	1397
17200	1421
17300	1336
17400	1314
17500	1251
17600	1342
17700	1385
17800	1386
17900	1370
18000	1354
18100	1426
18200	1376
18300	1405
18400	1375
18500	1388
18600	1416
18700	1415
18800	1435
18900	1415
19000	1327
19100	1306
19200	1278
19300	1296
19400	1415
19500	1382
19600	1412
19700	1373
19800	1365
19900	1381
20000	1402
20100	1402
20200	1454
20300	1408
20400	1379
20500	1375
20600	1440
20700	1430
20800	1426
20900	1380
21000	1411
21100	1433
21200	1486
21300	1416
21400	1451
21500	1471
21600	1442
21700	1406
21800	1435
21900	1425
22000	1437
22100	1469
22200	1440
22300	1357
22400	1460
22500	1411
22600	1427
22700	1476
22800	1468
22900	1439
23000	1471
23100	1387
23200	1458
23300	1411
23400	1471
23500	1424
23600	1493
23700	1490
23800	1434
23900	1464
24000	1486
24100	1457
24200	1437
24300	1423
24400	1361
24500	1517
24600	1387
24700	1402
24800	1441
24900	1537
25000	1445
25100	1446
25200	1475
25300	1451
25400	1452
25500	1432
25600	1443
25700	1377
25800	1394
25900	1367
26000	1493
26100	1512
26200	1552
26300	1595
26400	1616
26500	1587
26600	1537
26700	1532
26800	1515
26900	1557
27000	1551
27100	1524
27200	1478
27300	1496
27400	1440
27500	1473
27600	1528
27700	1481
27800	1487
27900	1424
28000	1455
28100	1439
28200	1505
28300	1505
28400	1465
28500	1490
28600	1409
28700	1449
28800	1460
28900	1474
29000	1454
29100	1429
29200	1393
29300	1421
29400	1426
29500	1498
29600	1482
29700	1480
29800	1479
29900	1392
30000	1468
30100	1389
30200	1365
30300	1446
30400	1411
30500	1430
30600	1370
30700	1458
30800	1457
30900	1411
31000	1393
31100	1454
31200	1477
31300	1371
31400	1433
31500	1373
31600	1510
31700	1458
31800	1424
31900	1408
32000	1502
32100	1383
32200	1492
32300	1478
32400	1450
32500	1447
32600	1474
32700	1495
32800	1432
32900	1524
33000	1433
33100	1415
33200	1476
33300	1415
33400	1426
33500	1414
33600	1439
33700	1456
33800	1404
33900	1482
34000	1428
34100	1407
34200	1548
34300	1459
34400	1396
34500	1384
34600	1538
34700	1400
34800	1511
34900	1496
35000	1460
35100	1483
35200	1481
35300	1499
35400	1420
35500	1422
35600	1403
35700	1479
35800	1434
35900	1433
36000	1488
36100	1438
36200	1432
36300	1511
36400	1441
36500	1457
36600	1402
36700	1462
36800	1414
36900	1433
37000	1494
37100	1439
37200	1440
37300	1485
37400	1515
37500	1409
37600	1489
37700	1482
37800	1407
37900	1507
38000	1480
38100	1454
38200	1430
38300	1434
38400	1416
38500	1457
38600	1442
38700	1426
38800	1458
38900	1441
39000	1492
39100	1502
39200	1388
39300	1418
39400	1415
39500	1478
39600	1508
39700	1461
39800	1412
39900	1426
40000	1495
40100	1445
40200	1451
40300	1468
40400	1442
40500	1367
40600	1471
40700	1537
40800	1436
40900	1471
41000	1415
41100	1451
41200	1409
41300	1524
41400	1474
41500	1526
41600	1470
41700	1424
41800	1559
41900	1473
42000	1444
42100	1404
42200	1448
42300	1463
42400	1434
42500	1477
42600	1491
42700	1462
42800	1434
42900	1472
43000	1512
43100	1397
43200	1457
43300	1415
43400	1428
43500	1437
43600	1402
43700	1431
43800	1491
43900	1424
44000	1409
44100	1405
44200	1486
44300	1444
44400	1453
44500	1490
44600	1435
44700	1488
44800	1476
44900	1455
45000	1364
45100	1480
45200	1483
45300	1514
45400	1463
45500	1450
45600	1498
45700	1497
45800	1400
45900	1431
46000	1465
46100	1391
46200	1447
46300	1432
46400	1467
46500	1439
46600	1519
46700	1369
46800	1446
46900	1448
47000	1448
47100	1438
47200	1445
47300	1472
47400	1483
47500	1478
47600	1444
47700	1489
47800	1447
47900	1444
48000	1440
48100	1495
48200	1501
48300	1467
48400	1442
48500	1475
48600	1478
48700	1451
48800	1458
48900	1434
49000	1440
49100	1500
49200	1471
49300	1520
49400	1441
49500	1488
49600	1451
49700	1440
49800	1362
49900	1470
50000	1541
50100	1433
50200	1466
50300	1461
50400	1371
50500	1474
50600	1436
50700	1384
50800	1425
50900	1426
51000	1445
51100	1395
51200	1479
51300	1440
51400	1471
51500	1494
51600	1449
51700	1516
51800	1486
51900	1467
52000	1454
52100	1424
52200	1469
52300	1416
52400	1465
52500	1457
52600	1487
52700	1497
52800	1412
52900	1445
53000	1435
53100	1425
53200	1479
53300	1454
53400	1459
53500	1465
53600	1451
53700	1450
53800	1440
53900	1448
54000	1453
54100	1508
54200	1485
54300	1454
54400	1474
54500	1445
54600	1489
54700	1414
54800	1465
54900	1502
55000	1450
55100	1416
55200	1504
55300	1471
55400	1434
55500	1439
55600	1482
55700	1343
55800	1412
55900	1482
56000	1379
56100	1431
56200	1463
56300	1482
56400	1532
56500	1480
56600	1465
56700	1424
56800	1437
56900	1504
57000	1495
57100	1485
57200	1475
57300	1423
57400	1406
57500	1402
57600	1477
57700	1423
57800	1496
57900	1469
58000	1452
58100	1412
58200	1409
58300	1429
58400	1413
58500	1453
58600	1407
58700	1490
58800	1484
58900	1489
59000	1451
59100	1393
59200	1500
59300	1500
59400	1548
59500	1488
59600	1425
59700	1514
59800	1418
59900	1337
60000	1423
60100	1448
60200	1516
60300	1516
60400	1459
60500	1464
60600	1452
60700	1536
60800	1445
60900	1436
61000	1453
61100	1513
61200	1385
61300	1557
61400	1472
61500	1472
61600	1606
61700	1438
61800	1443
61900	1522
62000	1437
62100	1451
62200	1503
62300	1504
62400	1439
62500	1487
62600	1447
62700	1458
62800	1429
62900	1445
63000	1427
63100	1459
63200	1487
63300	1450
63400	1475
63500	1385
63600	1462
63700	1474
63800	1454
63900	1429
64000	1474
64100	1509
64200	1505
64300	1535
64400	1383
64500	1458
64600	1373
64700	1497
64800	1419
64900	1457
65000	1496
65100	1419
65200	1464
65300	1466
65400	1458
65500	1408
65600	1557
65700	1416
65800	1555
65900	1465
66000	1478
66100	1447
66200	1367
66300	1427
66400	1455
66500	1423
66600	1400
66700	1485
66800	1466
66900	1458
67000	1501
67100	1436
67200	1432
67300	1499
67400	1396
67500	1382
67600	1496
67700	1502
67800	1454
67900	1489
68000	1439
68100	1428
68200	1507
68300	1447
68400	1513
68500	1458
68600	1489
68700	1383
68800	1449
68900	1452
69000	1440
69100	1478
69200	1382
69300	1463
69400	1447
69500	1447
69600	1460
69700	1425
69800	1445
69900	1425
70000	1499
70100	1541
70200	1460
70300	1439
70400	1390
70500	1442
70600	1448
70700	1477
70800	1425
70900	1503
71000	1483
71100	1489
71200	1496
71300	1406
71400	1479
71500	1501
71600	1454
71700	1487
71800	1399
71900	1450
72000	1473
72100	1432
72200	1459
72300	1485
72400	1519
72500	1411
72600	1454
72700	1477
72800	1478
72900	1441
73000	1402
73100	1469
73200	1468
73300	1488
73400	1493
73500	1393
73600	1537
73700	1441
73800	1433
73900	1489
74000	1473
74100	1454
74200	1477
74300	1418
74400	1441
74500	1501
74600	1455
74700	1465
74800	1456
74900	1454
75000	1440
75100	1565
75200	1432
75300	1479
75400	1503
75500	1408
75600	1489
75700	1431
75800	1499
75900	1424
76000	1455
76100	1479
76200	1414
76300	1452
76400	1461
76500	1479
76600	1514
76700	1432
76800	1498
76900	1504
77000	1442
77100	1441
77200	1440
77300	1462
77400	1465
77500	1415
77600	1461
77700	1393
77800	1554
77900	1429
78000	1509
78100	1517
78200	1477
78300	1485
78400	1400
78500	1391
78600	1473
78700	1423
78800	1421
78900	1442
79000	1504
79100	1478
79200	1370
79300	1478
79400	1435
79500	1446
79600	1481
79700	1531
79800	1455
79900	1426
80000	1466
80100	1449
80200	1467
80300	1509
80400	1447
80500	1495
80600	1489
80700	1464
80800	1495
80900	1432
81000	1469
81100	1359
81200	1496
81300	1418
81400	1449
81500	1455
81600	1465
81700	1443
81800	1467
81900	1442
82000	1443
82100	1441
82200	1400
82300	1415
82400	1518
82500	1441
82600	1505
82700	1472
82800	1422
82900	1502
83000	1485
83100	1459
83200	1481
83300	1445
83400	1422
83500	1491
83600	1419
83700	1506
83800	1570
83900	1454
84000	1392
84100	1505
84200	1418
84300	1474
84400	1390
84500	1441
84600	1404
84700	1574
84800	1465
84900	1439
85000	1438
85100	1576
85200	1493
85300	1525
85400	1443
85500	1471
85600	1464
85700	1454
85800	1452
85900	1463
86000	1453
86100	1411
86200	1494
86300	1424
86400	1563
86500	1450
86600	1461
86700	1433
86800	1437
86900	1461
87000	1471
87100	1440
87200	1463
87300	1471
87400	1465
87500	1472
87600	1496
87700	1490
87800	1464
87900	1468
88000	1418
88100	1534
88200	1478
88300	1435
88400	1435
88500	1417
88600	1403
88700	1483
88800	1444
88900	1451
89000	1453
89100	1491
89200	1414
89300	1527
89400	1414
89500	1474
89600	1435
89700	1425
89800	1476
89900	1474
90000	1462
90100	1458
90200	1438
90300	1462
90400	1411
90500	1440
90600	1436
90700	1440
90800	1465
90900	1516
91000	1429
91100	1424
91200	1442
91300	1487
91400	1441
91500	1543
91600	1422
91700	1442
91800	1462
91900	1524
92000	1463
92100	1509
92200	1454
92300	1441
92400	1458
92500	1476
92600	1463
92700	1450
92800	1504
92900	1404
93000	1466
93100	1397
93200	1475
93300	1489
93400	1411
93500	1414
93600	1519
93700	1456
93800	1458
93900	1464
94000	1444
94100	1425
94200	1489
94300	1499
94400	1483
94500	1524
94600	1521
94700	1430
94800	1441
94900	1500
95000	1440
95100	1475
95200	1477
95300	1491
95400	1484
95500	1557
95600	1456
95700	1517
95800	1423
95900	1428
96000	1432
96100	1450
96200	1458
96300	1488
96400	1437
96500	1421
96600	1381
96700	1497
96800	1465
96900	1440
97000	1439
97100	1516
97200	1524
97300	1492
97400	1437
97500	1458
97600	1446
97700	1385
97800	1427
97900	1441
98000	1536
98100	1432
98200	1429
98300	1450
98400	1482
98500	1515
98600	1482
98700	1519
98800	1417
98900	1474
99000	1475
99100	1476
99200	1497
99300	1498
99400	1498
99500	1461
99600	1483
99700	1437
99800	1448
99900	1410
