"Time (ps)"	"Counts per bin"
0	13199629
100	0
200	0
300	0
400	0
500	0
600	0
700	0
800	0
900	0
1000	0
1100	0
1200	0
1300	0
1400	0
1500	0
1600	0
1700	0
1800	0
1900	0
2000	0
2100	0
2200	0
2300	0
2400	0
2500	0
2600	0
2700	0
2800	0
2900	0
3000	0
3100	0
3200	0
3300	0
3400	0
3500	0
3600	0
3700	0
3800	0
3900	0
4000	0
4100	0
4200	0
4300	0
4400	0
4500	0
4600	0
4700	0
4800	0
4900	0
5000	0
5100	0
5200	0
5300	0
5400	0
5500	0
5600	0
5700	0
5800	0
5900	0
6000	0
6100	0
6200	0
6300	0
6400	0
6500	0
6600	0
6700	0
6800	0
6900	0
7000	0
7100	0
7200	0
7300	0
7400	0
7500	0
7600	0
7700	0
7800	0
7900	0
8000	0
8100	0
8200	0
8300	0
8400	0
8500	0
8600	0
8700	0
8800	0
8900	0
9000	0
9100	0
9200	0
9300	0
9400	0
9500	0
9600	0
9700	0
9800	0
9900	0
10000	0
10100	0
10200	0
10300	0
10400	0
10500	0
10600	0
10700	0
10800	0
10900	0
11000	0
11100	0
11200	0
11300	0
11400	0
11500	0
11600	0
11700	0
11800	0
11900	0
12000	0
12100	0
12200	0
12300	0
12400	0
12500	0
12600	0
12700	0
12800	0
12900	0
13000	0
13100	0
13200	0
13300	0
13400	0
13500	0
13600	0
13700	0
13800	1
13900	0
14000	0
14100	1
14200	1
14300	1
14400	3
14500	4
14600	5
14700	6
14800	13
14900	19
15000	26
15100	32
15200	37
15300	50
15400	112
15500	157
15600	169
15700	217
15800	246
15900	290
16000	307
16100	363
16200	385
16300	367
16400	427
16500	447
16600	420
16700	463
16800	430
16900	497
17000	469
17100	497
17200	518
17300	510
17400	529
17500	536
17600	579
17700	533
17800	601
17900	549
18000	540
18100	539
18200	598
18300	522
18400	547
18500	583
18600	509
18700	555
18800	566
18900	551
19000	546
19100	556
19200	572
19300	547
19400	562
19500	532
19600	548
19700	564
19800	605
19900	573
20000	527
20100	562
20200	534
20300	582
20400	548
20500	574
20600	504
20700	562
20800	550
20900	543
21000	550
21100	571
21200	572
21300	607
21400	552
21500	573
21600	599
21700	581
21800	588
21900	527
22000	541
22100	545
22200	541
22300	617
22400	582
22500	562
22600	579
22700	607
22800	564
22900	578
23000	588
23100	532
23200	533
23300	597
23400	601
23500	562
23600	558
23700	580
23800	574
23900	557
24000	565
24100	607
24200	569
24300	580
24400	544
24500	592
24600	562
24700	554
24800	573
24900	576
25000	568
25100	565
25200	583
25300	565
25400	578
25500	551
25600	588
25700	545
25800	517
25900	560
26000	593
26100	608
26200	595
26300	605
26400	622
26500	631
26600	608
26700	659
26800	591
26900	651
27000	611
27100	610
27200	589
27300	583
27400	580
27500	571
27600	610
27700	615
27800	581
27900	580
28000	567
28100	585
28200	572
28300	596
28400	603
28500	561
28600	609
28700	603
28800	564
28900	531
29000	587
29100	567
29200	558
29300	597
29400	611
29500	549
29600	554
29700	592
29800	591
29900	550
30000	598
30100	552
30200	602
30300	602
30400	606
30500	614
30600	605
30700	581
30800	577
30900	580
31000	614
31100	603
31200	538
31300	588
31400	600
31500	579
31600	547
31700	557
31800	587
31900	533
32000	525
32100	568
32200	554
32300	543
32400	596
32500	587
32600	600
32700	586
32800	595
32900	594
33000	616
33100	589
33200	584
33300	586
33400	592
33500	588
33600	568
33700	570
33800	558
33900	566
34000	592
34100	616
34200	596
34300	565
34400	608
34500	558
34600	577
34700	605
34800	582
34900	572
35000	561
35100	602
35200	570
35300	554
35400	589
35500	601
35600	557
35700	631
35800	584
35900	577
36000	592
36100	600
36200	593
36300	588
36400	597
36500	572
36600	591
36700	579
36800	612
36900	577
37000	597
37100	548
37200	586
37300	608
37400	567
37500	572
37600	563
37700	582
37800	560
37900	545
38000	579
38100	540
38200	573
38300	590
38400	561
38500	572
38600	603
38700	559
38800	574
38900	615
39000	577
39100	536
39200	569
39300	585
39400	636
39500	581
39600	578
39700	597
39800	550
39900	627
40000	578
40100	587
40200	557
40300	586
40400	578
40500	600
40600	582
40700	599
40800	564
40900	635
41000	542
41100	591
41200	558
41300	602
41400	584
41500	621
41600	584
41700	546
41800	595
41900	528
42000	583
42100	627
42200	590
42300	570
42400	585
42500	561
42600	556
42700	604
42800	576
42900	574
43000	565
43100	574
43200	593
43300	572
43400	572
43500	581
43600	560
43700	590
43800	570
43900	589
44000	571
44100	525
44200	562
44300	575
44400	620
44500	552
44600	537
44700	586
44800	608
44900	569
45000	590
45100	582
45200	563
45300	572
45400	605
45500	559
45600	556
45700	559
45800	588
45900	553
46000	582
46100	585
46200	605
46300	581
46400	590
46500	568
46600	584
46700	570
46800	628
46900	556
47000	584
47100	579
47200	580
47300	566
47400	568
47500	618
47600	558
47700	591
47800	609
47900	588
48000	576
48100	601
48200	588
48300	599
48400	602
48500	584
48600	572
48700	575
48800	622
48900	597
49000	591
49100	610
49200	575
49300	587
49400	553
49500	603
49600	602
49700	540
49800	578
49900	579
50000	606
50100	631
50200	573
50300	568
50400	553
50500	594
50600	544
50700	604
50800	532
50900	551
51000	517
51100	600
51200	635
51300	582
51400	605
51500	565
51600	576
51700	591
51800	564
51900	604
52000	585
52100	546
52200	502
52300	601
52400	579
52500	566
52600	587
52700	596
52800	571
52900	579
53000	570
53100	588
53200	598
53300	593
53400	552
53500	535
53600	581
53700	593
53800	596
53900	573
54000	587
54100	534
54200	559
54300	577
54400	587
54500	586
54600	635
54700	620
54800	568
54900	553
55000	595
55100	553
55200	600
55300	536
55400	606
55500	576
55600	609
55700	558
55800	600
55900	575
56000	649
56100	547
56200	589
56300	568
56400	562
56500	548
56600	591
56700	613
56800	572
56900	558
57000	568
57100	578
57200	569
57300	563
57400	612
57500	571
57600	601
57700	609
57800	638
57900	540
58000	585
58100	590
58200	561
58300	558
58400	545
58500	583
58600	596
58700	562
58800	555
58900	615
59000	603
59100	579
59200	573
59300	562
59400	566
59500	554
59600	612
59700	575
59800	566
59900	568
60000	549
60100	550
60200	571
60300	585
60400	597
60500	608
60600	608
60700	545
60800	585
60900	569
61000	586
61100	540
61200	579
61300	593
61400	572
61500	549
61600	568
61700	576
61800	593
61900	530
62000	563
62100	572
62200	581
62300	583
62400	603
62500	577
62600	579
62700	549
62800	638
62900	569
63000	570
63100	590
63200	573
63300	609
63400	569
63500	600
63600	574
63700	547
63800	602
63900	577
64000	533
64100	585
64200	559
64300	560
64400	560
64500	578
64600	587
64700	605
64800	592
64900	595
65000	623
65100	587
65200	609
65300	600
65400	598
65500	576
65600	605
65700	606
65800	592
65900	584
66000	589
66100	581
66200	586
66300	625
66400	596
66500	589
66600	571
66700	551
66800	594
66900	560
67000	525
67100	596
67200	601
67300	596
67400	597
67500	568
67600	636
67700	589
67800	560
67900	580
68000	616
68100	542
68200	585
68300	620
68400	554
68500	561
68600	545
68700	606
68800	576
68900	596
69000	584
69100	614
69200	522
69300	598
69400	642
69500	598
69600	574
69700	535
69800	591
69900	549
70000	564
70100	594
70200	580
70300	598
70400	618
70500	612
70600	560
70700	580
70800	585
70900	516
71000	591
71100	591
71200	572
71300	545
71400	576
71500	593
71600	575
71700	618
71800	549
71900	583
72000	564
72100	582
72200	580
72300	576
72400	568
72500	591
72600	560
72700	561
72800	610
72900	620
73000	569
73100	615
73200	628
73300	569
73400	600
73500	584
73600	570
73700	612
73800	579
73900	588
74000	594
74100	597
74200	607
74300	608
74400	585
74500	539
74600	624
74700	596
74800	588
74900	574
75000	544
75100	576
75200	597
75300	614
75400	522
75500	568
75600	541
75700	536
75800	618
75900	600
76000	582
76100	594
76200	607
76300	634
76400	571
76500	582
76600	596
76700	573
76800	557
76900	604
77000	597
77100	588
77200	599
77300	551
77400	597
77500	535
77600	606
77700	597
77800	570
77900	562
78000	567
78100	574
78200	593
78300	563
78400	596
78500	592
78600	600
78700	627
78800	562
78900	536
79000	603
79100	568
79200	576
79300	603
79400	586
79500	585
79600	565
79700	601
79800	535
79900	573
80000	644
80100	561
80200	592
80300	552
80400	603
80500	610
80600	569
80700	582
80800	648
80900	565
81000	588
81100	601
81200	587
81300	604
81400	581
81500	525
81600	637
81700	618
81800	589
81900	605
82000	622
82100	581
82200	582
82300	559
82400	555
82500	543
82600	593
82700	593
82800	541
82900	615
83000	594
83100	565
83200	570
83300	607
83400	569
83500	555
83600	548
83700	599
83800	590
83900	540
84000	605
84100	631
84200	558
84300	656
84400	588
84500	575
84600	605
84700	605
84800	610
84900	558
85000	614
85100	597
85200	580
85300	586
85400	548
85500	525
85600	592
85700	579
85800	575
85900	591
86000	583
86100	587
86200	570
86300	568
86400	583
86500	602
86600	564
86700	555
86800	598
86900	622
87000	570
87100	543
87200	558
87300	572
87400	579
87500	518
87600	591
87700	586
87800	593
87900	564
88000	579
88100	573
88200	568
88300	571
88400	579
88500	576
88600	549
88700	583
88800	571
88900	593
89000	576
89100	540
89200	565
89300	583
89400	545
89500	578
89600	579
89700	553
89800	597
89900	572
90000	578
90100	576
90200	621
90300	587
90400	587
90500	557
90600	585
90700	559
90800	649
90900	530
91000	579
91100	631
91200	569
91300	587
91400	575
91500	572
91600	571
91700	615
91800	574
91900	552
92000	589
92100	599
92200	581
92300	552
92400	579
92500	566
92600	562
92700	608
92800	611
92900	597
93000	573
93100	584
93200	553
93300	569
93400	550
93500	554
93600	598
93700	592
93800	591
93900	599
94000	546
94100	589
94200	607
94300	614
94400	591
94500	620
94600	574
94700	566
94800	567
94900	579
95000	567
95100	571
95200	576
95300	542
95400	557
95500	568
95600	585
95700	555
95800	574
95900	577
96000	537
96100	568
96200	575
96300	564
96400	585
96500	582
96600	542
96700	584
96800	590
96900	587
97000	578
97100	592
97200	579
97300	578
97400	571
97500	605
97600	548
97700	584
97800	566
97900	614
98000	578
98100	609
98200	587
98300	594
98400	588
98500	641
98600	589
98700	538
98800	563
98900	614
99000	609
99100	557
99200	591
99300	611
99400	580
99500	580
99600	581
99700	577
99800	577
99900	563
