"Time (ps)"	"Counts per bin"
0	13160620
100	0
200	0
300	0
400	0
500	0
600	0
700	0
800	0
900	0
1000	0
1100	0
1200	0
1300	0
1400	0
1500	0
1600	0
1700	0
1800	0
1900	0
2000	0
2100	0
2200	0
2300	0
2400	0
2500	0
2600	0
2700	0
2800	0
2900	0
3000	0
3100	0
3200	0
3300	0
3400	0
3500	0
3600	0
3700	0
3800	0
3900	0
4000	0
4100	0
4200	0
4300	0
4400	0
4500	0
4600	0
4700	0
4800	0
4900	0
5000	0
5100	0
5200	0
5300	0
5400	0
5500	0
5600	0
5700	0
5800	0
5900	0
6000	0
6100	0
6200	0
6300	0
6400	0
6500	0
6600	0
6700	0
6800	0
6900	0
7000	0
7100	0
7200	0
7300	0
7400	0
7500	0
7600	0
7700	0
7800	0
7900	0
8000	0
8100	0
8200	0
8300	0
8400	0
8500	0
8600	0
8700	0
8800	0
8900	0
9000	0
9100	0
9200	0
9300	0
9400	0
9500	0
9600	0
9700	0
9800	0
9900	0
10000	0
10100	0
10200	0
10300	0
10400	0
10500	0
10600	0
10700	0
10800	0
10900	0
11000	0
11100	0
11200	0
11300	0
11400	0
11500	0
11600	0
11700	0
11800	0
11900	0
12000	0
12100	0
12200	0
12300	0
12400	0
12500	0
12600	0
12700	3
12800	3
12900	0
13000	1
13100	3
13200	4
13300	2
13400	11
13500	11
13600	17
13700	28
13800	40
13900	33
14000	73
14100	69
14200	89
14300	108
14400	130
14500	142
14600	151
14700	141
14800	150
14900	154
15000	153
15100	185
15200	212
15300	193
15400	208
15500	209
15600	221
15700	253
15800	272
15900	255
16000	260
16100	272
16200	290
16300	272
16400	294
16500	319
16600	289
16700	335
16800	294
16900	324
17000	315
17100	305
17200	358
17300	353
17400	326
17500	375
17600	386
17700	337
17800	388
17900	392
18000	398
18100	442
18200	395
18300	374
18400	405
18500	389
18600	421
18700	395
18800	408
18900	416
19000	455
19100	436
19200	443
19300	409
19400	419
19500	408
19600	422
19700	420
19800	489
19900	450
20000	441
20100	427
20200	463
20300	440
20400	465
20500	426
20600	442
20700	483
20800	486
20900	453
21000	459
21100	470
21200	502
21300	499
21400	493
21500	519
21600	503
21700	512
21800	467
21900	493
22000	497
22100	497
22200	460
22300	511
22400	473
22500	531
22600	483
22700	524
22800	528
22900	490
23000	513
23100	485
23200	525
23300	515
23400	528
23500	521
23600	539
23700	500
23800	501
23900	551
24000	527
24100	522
24200	574
24300	555
24400	567
24500	565
24600	525
24700	583
24800	544
24900	524
25000	570
25100	534
25200	527
25300	586
25400	545
25500	512
25600	522
25700	560
25800	532
25900	540
26000	564
26100	543
26200	579
26300	587
26400	580
26500	604
26600	602
26700	546
26800	561
26900	591
27000	586
27100	637
27200	616
27300	550
27400	572
27500	578
27600	565
27700	584
27800	597
27900	570
28000	556
28100	553
28200	576
28300	640
28400	566
28500	575
28600	548
28700	520
28800	547
28900	533
29000	607
29100	596
29200	582
29300	552
29400	590
29500	549
29600	552
29700	561
29800	557
29900	549
30000	583
30100	544
30200	560
30300	560
30400	546
30500	541
30600	590
30700	560
30800	554
30900	574
31000	608
31100	550
31200	545
31300	556
31400	554
31500	575
31600	584
31700	546
31800	494
31900	608
32000	555
32100	562
32200	562
32300	580
32400	553
32500	601
32600	576
32700	551
32800	594
32900	576
33000	614
33100	577
33200	559
33300	555
33400	534
33500	556
33600	572
33700	575
33800	590
33900	603
34000	571
34100	562
34200	562
34300	606
34400	562
34500	593
34600	607
34700	545
34800	552
34900	613
35000	570
35100	531
35200	605
35300	576
35400	595
35500	573
35600	597
35700	564
35800	541
35900	587
36000	574
36100	528
36200	568
36300	528
36400	585
36500	592
36600	583
36700	579
36800	570
36900	549
37000	578
37100	584
37200	593
37300	574
37400	575
37500	572
37600	597
37700	580
37800	579
37900	567
38000	540
38100	557
38200	570
38300	553
38400	542
38500	599
38600	546
38700	576
38800	542
38900	596
39000	587
39100	538
39200	588
39300	553
39400	570
39500	590
39600	616
39700	579
39800	608
39900	592
40000	548
40100	592
40200	542
40300	606
40400	601
40500	589
40600	548
40700	569
40800	579
40900	568
41000	544
41100	601
41200	598
41300	604
41400	526
41500	548
41600	566
41700	593
41800	551
41900	605
42000	569
42100	574
42200	624
42300	566
42400	586
42500	579
42600	561
42700	596
42800	588
42900	614
43000	580
43100	616
43200	562
43300	581
43400	603
43500	587
43600	603
43700	602
43800	559
43900	573
44000	571
44100	580
44200	596
44300	587
44400	578
44500	553
44600	611
44700	598
44800	594
44900	569
45000	558
45100	554
45200	575
45300	523
45400	552
45500	620
45600	567
45700	597
45800	587
45900	573
46000	564
46100	538
46200	555
46300	564
46400	570
46500	596
46600	546
46700	546
46800	620
46900	567
47000	573
47100	552
47200	577
47300	550
47400	568
47500	563
47600	527
47700	590
47800	529
47900	597
48000	601
48100	604
48200	525
48300	578
48400	578
48500	562
48600	521
48700	568
48800	568
48900	580
49000	540
49100	576
49200	588
49300	588
49400	617
49500	589
49600	585
49700	565
49800	544
49900	547
50000	593
50100	568
50200	575
50300	606
50400	605
50500	594
50600	542
50700	582
50800	593
50900	522
51000	604
51100	551
51200	569
51300	565
51400	596
51500	561
51600	573
51700	630
51800	573
51900	591
52000	624
52100	545
52200	556
52300	579
52400	556
52500	578
52600	598
52700	566
52800	617
52900	558
53000	539
53100	598
53200	561
53300	581
53400	595
53500	544
53600	562
53700	579
53800	532
53900	567
54000	548
54100	577
54200	588
54300	551
54400	577
54500	587
54600	570
54700	566
54800	557
54900	585
55000	590
55100	618
55200	593
55300	610
55400	570
55500	562
55600	600
55700	576
55800	613
55900	545
56000	599
56100	596
56200	560
56300	539
56400	594
56500	571
56600	553
56700	571
56800	559
56900	601
57000	553
57100	590
57200	632
57300	561
57400	613
57500	583
57600	615
57700	593
57800	559
57900	623
58000	610
58100	613
58200	603
58300	570
58400	572
58500	577
58600	528
58700	599
58800	563
58900	555
59000	578
59100	569
59200	593
59300	583
59400	582
59500	600
59600	566
59700	527
59800	558
59900	524
60000	584
60100	564
60200	577
60300	576
60400	581
60500	517
60600	566
60700	582
60800	587
60900	564
61000	568
61100	587
61200	508
61300	593
61400	551
61500	549
61600	586
61700	562
61800	548
61900	581
62000	590
62100	573
62200	602
62300	598
62400	615
62500	533
62600	618
62700	604
62800	583
62900	576
63000	573
63100	585
63200	606
63300	591
63400	592
63500	518
63600	615
63700	625
63800	545
63900	543
64000	563
64100	589
64200	594
64300	563
64400	582
64500	558
64600	561
64700	587
64800	599
64900	601
65000	602
65100	544
65200	577
65300	569
65400	583
65500	557
65600	592
65700	535
65800	575
65900	563
66000	576
66100	583
66200	527
66300	559
66400	607
66500	614
66600	592
66700	592
66800	587
66900	575
67000	575
67100	576
67200	577
67300	602
67400	583
67500	623
67600	565
67700	602
67800	575
67900	578
68000	564
68100	608
68200	604
68300	544
68400	588
68500	577
68600	579
68700	562
68800	544
68900	568
69000	575
69100	582
69200	562
69300	590
69400	607
69500	552
69600	585
69700	568
69800	595
69900	571
70000	572
70100	566
70200	561
70300	571
70400	582
70500	611
70600	582
70700	597
70800	583
70900	593
71000	560
71100	560
71200	566
71300	604
71400	562
71500	573
71600	548
71700	543
71800	611
71900	583
72000	572
72100	628
72200	619
72300	576
72400	540
72500	641
72600	578
72700	528
72800	561
72900	625
73000	573
73100	572
73200	546
73300	584
73400	595
73500	583
73600	607
73700	541
73800	571
73900	575
74000	583
74100	579
74200	581
74300	554
74400	559
74500	581
74600	521
74700	564
74800	566
74900	554
75000	565
75100	540
75200	559
75300	559
75400	577
75500	580
75600	536
75700	562
75800	524
75900	570
76000	548
76100	614
76200	615
76300	586
76400	565
76500	578
76600	613
76700	603
76800	572
76900	582
77000	623
77100	568
77200	546
77300	599
77400	578
77500	606
77600	579
77700	589
77800	612
77900	568
78000	555
78100	561
78200	531
78300	625
78400	559
78500	617
78600	566
78700	572
78800	584
78900	579
79000	568
79100	572
79200	604
79300	571
79400	587
79500	596
79600	536
79700	588
79800	555
79900	594
80000	586
80100	572
80200	567
80300	604
80400	582
80500	564
80600	569
80700	560
80800	575
80900	564
81000	588
81100	569
81200	574
81300	579
81400	574
81500	621
81600	561
81700	572
81800	578
81900	598
82000	536
82100	582
82200	583
82300	588
82400	549
82500	584
82600	542
82700	600
82800	599
82900	568
83000	580
83100	622
83200	566
83300	595
83400	597
83500	603
83600	582
83700	573
83800	570
83900	596
84000	601
84100	567
84200	565
84300	560
84400	581
84500	577
84600	565
84700	572
84800	582
84900	620
85000	586
85100	549
85200	575
85300	541
85400	557
85500	579
85600	578
85700	551
85800	589
85900	593
86000	567
86100	582
86200	619
86300	567
86400	546
86500	597
86600	610
86700	578
86800	571
86900	609
87000	619
87100	598
87200	608
87300	580
87400	564
87500	549
87600	558
87700	530
87800	554
87900	542
88000	571
88100	628
88200	608
88300	585
88400	593
88500	567
88600	599
88700	600
88800	604
88900	567
89000	599
89100	579
89200	589
89300	570
89400	569
89500	555
89600	557
89700	584
89800	596
89900	586
90000	603
90100	566
90200	544
90300	605
90400	576
90500	562
90600	527
90700	619
90800	582
90900	558
91000	610
91100	557
91200	571
91300	554
91400	583
91500	595
91600	545
91700	579
91800	606
91900	553
92000	590
92100	591
92200	563
92300	616
92400	594
92500	590
92600	583
92700	611
92800	599
92900	563
93000	552
93100	542
93200	556
93300	566
93400	556
93500	619
93600	576
93700	550
93800	605
93900	579
94000	556
94100	552
94200	618
94300	557
94400	571
94500	591
94600	614
94700	582
94800	533
94900	538
95000	560
95100	612
95200	590
95300	578
95400	547
95500	579
95600	564
95700	568
95800	606
95900	558
96000	555
96100	606
96200	573
96300	559
96400	528
96500	555
96600	539
96700	554
96800	558
96900	558
97000	572
97100	573
97200	599
97300	597
97400	599
97500	568
97600	578
97700	547
97800	561
97900	590
98000	605
98100	550
98200	598
98300	613
98400	595
98500	509
98600	577
98700	617
98800	566
98900	560
99000	579
99100	578
99200	538
99300	576
99400	601
99500	602
99600	539
99700	544
99800	587
99900	547
