"Time (ps)"	"Counts per bin"
0	13153720
100	0
200	0
300	0
400	0
500	0
600	0
700	0
800	0
900	0
1000	0
1100	0
1200	0
1300	0
1400	0
1500	0
1600	0
1700	0
1800	0
1900	0
2000	0
2100	0
2200	0
2300	0
2400	0
2500	0
2600	0
2700	0
2800	0
2900	0
3000	0
3100	0
3200	0
3300	0
3400	0
3500	0
3600	0
3700	0
3800	0
3900	0
4000	0
4100	0
4200	0
4300	0
4400	0
4500	0
4600	0
4700	0
4800	0
4900	0
5000	0
5100	0
5200	0
5300	0
5400	0
5500	0
5600	0
5700	0
5800	0
5900	0
6000	0
6100	0
6200	0
6300	0
6400	0
6500	0
6600	0
6700	0
6800	0
6900	0
7000	0
7100	0
7200	0
7300	0
7400	0
7500	0
7600	0
7700	0
7800	0
7900	0
8000	0
8100	0
8200	0
8300	0
8400	0
8500	0
8600	0
8700	0
8800	0
8900	0
9000	0
9100	0
9200	0
9300	0
9400	0
9500	0
9600	0
9700	0
9800	0
9900	0
10000	0
10100	0
10200	0
10300	0
10400	0
10500	0
10600	0
10700	0
10800	0
10900	0
11000	0
11100	0
11200	0
11300	0
11400	0
11500	0
11600	0
11700	0
11800	0
11900	0
12000	1
12100	0
12200	0
12300	0
12400	0
12500	0
12600	0
12700	0
12800	0
12900	0
13000	0
13100	0
13200	0
13300	0
13400	0
13500	0
13600	0
13700	0
13800	0
13900	0
14000	0
14100	0
14200	0
14300	0
14400	0
14500	0
14600	0
14700	0
14800	0
14900	0
15000	0
15100	0
15200	0
15300	0
15400	0
15500	0
15600	0
15700	0
15800	0
15900	0
16000	0
16100	0
16200	0
16300	0
16400	1
16500	0
16600	0
16700	0
16800	0
16900	0
17000	0
17100	0
17200	0
17300	0
17400	0
17500	0
17600	0
17700	0
17800	0
17900	0
18000	0
18100	0
18200	0
18300	0
18400	0
18500	0
18600	0
18700	0
18800	0
18900	0
19000	0
19100	0
19200	0
19300	0
19400	0
19500	0
19600	0
19700	0
19800	0
19900	0
20000	0
20100	0
20200	0
20300	0
20400	1
20500	0
20600	1
20700	1
20800	0
20900	2
21000	1
21100	2
21200	2
21300	4
21400	2
21500	2
21600	2
21700	0
21800	3
21900	1
22000	2
22100	4
22200	5
22300	6
22400	6
22500	6
22600	14
22700	20
22800	25
22900	37
23000	29
23100	50
23200	72
23300	81
23400	109
23500	108
23600	145
23700	178
23800	237
23900	240
24000	337
24100	312
24200	361
24300	388
24400	380
24500	437
24600	416
24700	441
24800	461
24900	522
25000	498
25100	507
25200	534
25300	552
25400	610
25500	556
25600	535
25700	558
25800	524
25900	555
26000	540
26100	574
26200	584
26300	615
26400	652
26500	614
26600	675
26700	671
26800	631
26900	663
27000	650
27100	641
27200	654
27300	637
27400	664
27500	597
27600	626
27700	623
27800	702
27900	605
28000	602
28100	565
28200	612
28300	538
28400	530
28500	586
28600	533
28700	528
28800	551
28900	532
29000	536
29100	543
29200	555
29300	576
29400	568
29500	571
29600	549
29700	554
29800	563
29900	576
30000	544
30100	569
30200	542
30300	507
30400	515
30500	532
30600	565
30700	552
30800	556
30900	531
31000	541
31100	531
31200	561
31300	542
31400	573
31500	537
31600	525
31700	508
31800	532
31900	565
32000	588
32100	521
32200	559
32300	581
32400	529
32500	537
32600	549
32700	577
32800	603
32900	563
33000	564
33100	536
33200	580
33300	587
33400	572
33500	571
33600	557
33700	578
33800	606
33900	573
34000	547
34100	558
34200	544
34300	602
34400	583
34500	555
34600	571
34700	575
34800	563
34900	599
35000	566
35100	535
35200	539
35300	608
35400	601
35500	552
35600	521
35700	544
35800	542
35900	560
36000	589
36100	533
36200	551
36300	570
36400	606
36500	591
36600	573
36700	574
36800	594
36900	588
37000	616
37100	570
37200	577
37300	524
37400	604
37500	528
37600	593
37700	590
37800	550
37900	589
38000	550
38100	587
38200	563
38300	598
38400	574
38500	512
38600	553
38700	588
38800	603
38900	567
39000	532
39100	554
39200	582
39300	567
39400	599
39500	592
39600	588
39700	549
39800	582
39900	549
40000	621
40100	559
40200	565
40300	595
40400	531
40500	597
40600	555
40700	612
40800	533
40900	571
41000	592
41100	562
41200	579
41300	568
41400	548
41500	593
41600	587
41700	591
41800	559
41900	602
42000	630
42100	533
42200	529
42300	590
42400	534
42500	599
42600	545
42700	592
42800	611
42900	651
43000	580
43100	626
43200	596
43300	612
43400	572
43500	582
43600	549
43700	593
43800	547
43900	561
44000	566
44100	575
44200	581
44300	592
44400	576
44500	552
44600	585
44700	539
44800	562
44900	592
45000	555
45100	553
45200	596
45300	571
45400	556
45500	577
45600	566
45700	551
45800	584
45900	565
46000	591
46100	591
46200	559
46300	626
46400	529
46500	614
46600	551
46700	565
46800	576
46900	566
47000	603
47100	563
47200	583
47300	586
47400	562
47500	570
47600	601
47700	603
47800	510
47900	583
48000	541
48100	579
48200	608
48300	571
48400	575
48500	566
48600	566
48700	589
48800	575
48900	527
49000	598
49100	568
49200	600
49300	578
49400	580
49500	572
49600	587
49700	606
49800	533
49900	556
50000	618
50100	561
50200	552
50300	583
50400	572
50500	566
50600	628
50700	529
50800	554
50900	557
51000	562
51100	553
51200	559
51300	602
51400	550
51500	580
51600	584
51700	573
51800	601
51900	623
52000	592
52100	551
52200	584
52300	557
52400	560
52500	603
52600	574
52700	544
52800	537
52900	590
53000	575
53100	604
53200	563
53300	580
53400	548
53500	528
53600	618
53700	569
53800	574
53900	547
54000	588
54100	607
54200	568
54300	519
54400	561
54500	539
54600	556
54700	584
54800	561
54900	571
55000	534
55100	580
55200	585
55300	598
55400	579
55500	588
55600	559
55700	589
55800	577
55900	554
56000	550
56100	580
56200	599
56300	538
56400	598
56500	631
56600	550
56700	576
56800	542
56900	577
57000	584
57100	589
57200	622
57300	578
57400	569
57500	578
57600	579
57700	573
57800	575
57900	520
58000	589
58100	562
58200	595
58300	600
58400	536
58500	579
58600	549
58700	637
58800	552
58900	583
59000	566
59100	575
59200	624
59300	559
59400	605
59500	561
59600	544
59700	555
59800	559
59900	580
60000	618
60100	556
60200	526
60300	572
60400	546
60500	550
60600	583
60700	567
60800	552
60900	558
61000	596
61100	598
61200	610
61300	559
61400	591
61500	554
61600	578
61700	565
61800	559
61900	574
62000	571
62100	618
62200	564
62300	597
62400	586
62500	554
62600	562
62700	560
62800	555
62900	544
63000	577
63100	588
63200	576
63300	625
63400	591
63500	579
63600	588
63700	586
63800	583
63900	607
64000	584
64100	612
64200	580
64300	594
64400	591
64500	507
64600	579
64700	563
64800	545
64900	594
65000	566
65100	624
65200	586
65300	621
65400	611
65500	583
65600	603
65700	608
65800	561
65900	578
66000	568
66100	554
66200	616
66300	557
66400	597
66500	591
66600	580
66700	567
66800	555
66900	570
67000	570
67100	551
67200	544
67300	589
67400	578
67500	532
67600	563
67700	570
67800	604
67900	603
68000	575
68100	581
68200	547
68300	584
68400	609
68500	587
68600	552
68700	540
68800	621
68900	617
69000	621
69100	558
69200	545
69300	536
69400	582
69500	600
69600	590
69700	559
69800	584
69900	614
70000	615
70100	611
70200	563
70300	585
70400	587
70500	581
70600	561
70700	536
70800	590
70900	565
71000	586
71100	524
71200	537
71300	618
71400	569
71500	540
71600	555
71700	616
71800	597
71900	623
72000	522
72100	584
72200	597
72300	569
72400	573
72500	591
72600	563
72700	593
72800	608
72900	590
73000	552
73100	557
73200	535
73300	539
73400	605
73500	603
73600	541
73700	565
73800	581
73900	539
74000	587
74100	532
74200	599
74300	574
74400	567
74500	582
74600	619
74700	578
74800	613
74900	555
75000	565
75100	567
75200	576
75300	565
75400	568
75500	549
75600	593
75700	561
75800	573
75900	577
76000	623
76100	608
76200	599
76300	575
76400	591
76500	531
76600	645
76700	551
76800	520
76900	591
77000	612
77100	573
77200	589
77300	619
77400	631
77500	535
77600	602
77700	604
77800	567
77900	553
78000	588
78100	599
78200	611
78300	568
78400	526
78500	593
78600	587
78700	590
78800	592
78900	556
79000	548
79100	611
79200	562
79300	566
79400	585
79500	591
79600	610
79700	561
79800	552
79900	565
80000	545
80100	558
80200	583
80300	587
80400	584
80500	578
80600	552
80700	560
80800	571
80900	566
81000	490
81100	597
81200	565
81300	587
81400	520
81500	525
81600	597
81700	552
81800	541
81900	548
82000	525
82100	629
82200	595
82300	571
82400	586
82500	575
82600	582
82700	576
82800	573
82900	583
83000	552
83100	579
83200	573
83300	571
83400	591
83500	568
83600	585
83700	585
83800	581
83900	610
84000	557
84100	567
84200	559
84300	534
84400	561
84500	598
84600	606
84700	564
84800	589
84900	531
85000	553
85100	606
85200	565
85300	565
85400	529
85500	570
85600	626
85700	610
85800	570
85900	595
86000	576
86100	571
86200	508
86300	629
86400	569
86500	570
86600	575
86700	590
86800	555
86900	559
87000	589
87100	590
87200	590
87300	611
87400	573
87500	565
87600	545
87700	574
87800	592
87900	607
88000	578
88100	607
88200	592
88300	563
88400	571
88500	603
88600	575
88700	584
88800	574
88900	546
89000	535
89100	594
89200	603
89300	605
89400	606
89500	598
89600	562
89700	590
89800	607
89900	579
90000	601
90100	534
90200	632
90300	571
90400	607
90500	542
90600	581
90700	551
90800	533
90900	561
91000	585
91100	582
91200	566
91300	598
91400	555
91500	559
91600	577
91700	607
91800	597
91900	593
92000	559
92100	576
92200	614
92300	604
92400	547
92500	577
92600	546
92700	536
92800	562
92900	587
93000	615
93100	601
93200	598
93300	543
93400	563
93500	639
93600	607
93700	568
93800	571
93900	577
94000	612
94100	567
94200	528
94300	566
94400	573
94500	567
94600	600
94700	557
94800	587
94900	572
95000	572
95100	547
95200	581
95300	614
95400	572
95500	591
95600	542
95700	581
95800	615
95900	593
96000	598
96100	565
96200	616
96300	567
96400	560
96500	573
96600	610
96700	537
96800	596
96900	588
97000	605
97100	568
97200	591
97300	579
97400	567
97500	661
97600	561
97700	557
97800	615
97900	568
98000	534
98100	587
98200	587
98300	575
98400	558
98500	578
98600	579
98700	538
98800	564
98900	612
99000	591
99100	599
99200	573
99300	593
99400	599
99500	548
99600	533
99700	609
99800	572
99900	565
