"Time (ps)"	"Counts per bin"
0	13191254
100	0
200	0
300	0
400	0
500	0
600	0
700	0
800	0
900	0
1000	0
1100	0
1200	0
1300	0
1400	0
1500	0
1600	0
1700	0
1800	0
1900	0
2000	0
2100	0
2200	0
2300	0
2400	0
2500	0
2600	0
2700	0
2800	0
2900	0
3000	0
3100	0
3200	0
3300	0
3400	0
3500	0
3600	0
3700	0
3800	0
3900	0
4000	0
4100	0
4200	0
4300	0
4400	0
4500	0
4600	0
4700	0
4800	0
4900	0
5000	0
5100	0
5200	0
5300	0
5400	0
5500	0
5600	0
5700	0
5800	0
5900	0
6000	0
6100	0
6200	0
6300	0
6400	0
6500	0
6600	0
6700	0
6800	0
6900	0
7000	0
7100	0
7200	0
7300	0
7400	0
7500	0
7600	0
7700	0
7800	0
7900	0
8000	0
8100	0
8200	0
8300	0
8400	0
8500	0
8600	0
8700	0
8800	0
8900	0
9000	0
9100	0
9200	0
9300	0
9400	0
9500	0
9600	0
9700	0
9800	0
9900	0
10000	0
10100	0
10200	0
10300	0
10400	0
10500	0
10600	0
10700	0
10800	0
10900	0
11000	0
11100	0
11200	0
11300	0
11400	0
11500	0
11600	0
11700	0
11800	0
11900	0
12000	0
12100	0
12200	0
12300	0
12400	0
12500	0
12600	0
12700	0
12800	0
12900	0
13000	0
13100	0
13200	0
13300	0
13400	0
13500	0
13600	0
13700	0
13800	0
13900	0
14000	0
14100	0
14200	0
14300	0
14400	0
14500	1
14600	0
14700	1
14800	1
14900	1
15000	1
15100	1
15200	1
15300	1
15400	1
15500	1
15600	4
15700	3
15800	5
15900	12
16000	9
16100	16
16200	22
16300	38
16400	61
16500	76
16600	90
16700	129
16800	143
16900	213
17000	274
17100	310
17200	329
17300	350
17400	341
17500	360
17600	408
17700	450
17800	433
17900	420
18000	467
18100	458
18200	472
18300	497
18400	519
18500	536
18600	513
18700	529
18800	561
18900	553
19000	544
19100	556
19200	546
19300	569
19400	552
19500	552
19600	544
19700	547
19800	570
19900	538
20000	560
20100	522
20200	589
20300	571
20400	580
20500	562
20600	541
20700	561
20800	600
20900	542
21000	571
21100	565
21200	514
21300	568
21400	537
21500	552
21600	581
21700	523
21800	561
21900	516
22000	548
22100	555
22200	594
22300	541
22400	521
22500	583
22600	563
22700	563
22800	530
22900	587
23000	569
23100	569
23200	599
23300	573
23400	556
23500	566
23600	566
23700	590
23800	511
23900	568
24000	568
24100	544
24200	607
24300	607
24400	549
24500	571
24600	579
24700	590
24800	557
24900	578
25000	576
25100	565
25200	586
25300	576
25400	639
25500	556
25600	540
25700	502
25800	551
25900	532
26000	543
26100	597
26200	616
26300	588
26400	637
26500	644
26600	663
26700	640
26800	603
26900	622
27000	611
27100	579
27200	609
27300	576
27400	603
27500	563
27600	563
27700	604
27800	575
27900	579
28000	603
28100	547
28200	564
28300	534
28400	574
28500	596
28600	590
28700	573
28800	600
28900	559
29000	582
29100	581
29200	554
29300	542
29400	594
29500	535
29600	520
29700	553
29800	576
29900	586
30000	564
30100	543
30200	571
30300	579
30400	568
30500	574
30600	569
30700	596
30800	537
30900	550
31000	553
31100	545
31200	557
31300	558
31400	528
31500	573
31600	555
31700	636
31800	628
31900	573
32000	576
32100	548
32200	581
32300	606
32400	618
32500	619
32600	588
32700	553
32800	543
32900	578
33000	597
33100	575
33200	540
33300	581
33400	561
33500	547
33600	580
33700	568
33800	572
33900	574
34000	568
34100	566
34200	581
34300	605
34400	576
34500	608
34600	575
34700	594
34800	568
34900	567
35000	581
35100	604
35200	601
35300	621
35400	621
35500	602
35600	584
35700	595
35800	543
35900	584
36000	556
36100	503
36200	521
36300	535
36400	597
36500	574
36600	569
36700	561
36800	562
36900	592
37000	563
37100	587
37200	577
37300	579
37400	601
37500	531
37600	553
37700	610
37800	602
37900	561
38000	585
38100	569
38200	585
38300	589
38400	604
38500	572
38600	554
38700	575
38800	586
38900	586
39000	568
39100	553
39200	623
39300	582
39400	585
39500	534
39600	539
39700	563
39800	602
39900	585
40000	532
40100	592
40200	594
40300	587
40400	575
40500	599
40600	596
40700	572
40800	600
40900	574
41000	581
41100	599
41200	581
41300	552
41400	553
41500	591
41600	596
41700	590
41800	593
41900	581
42000	588
42100	577
42200	626
42300	593
42400	586
42500	555
42600	581
42700	576
42800	583
42900	597
43000	658
43100	594
43200	587
43300	589
43400	551
43500	562
43600	586
43700	580
43800	584
43900	539
44000	580
44100	586
44200	590
44300	635
44400	568
44500	601
44600	580
44700	525
44800	590
44900	535
45000	622
45100	583
45200	580
45300	543
45400	576
45500	612
45600	599
45700	612
45800	605
45900	606
46000	547
46100	566
46200	562
46300	545
46400	602
46500	567
46600	583
46700	639
46800	586
46900	623
47000	624
47100	592
47200	558
47300	603
47400	587
47500	576
47600	571
47700	547
47800	621
47900	580
48000	652
48100	596
48200	575
48300	623
48400	604
48500	580
48600	559
48700	580
48800	617
48900	576
49000	578
49100	587
49200	564
49300	619
49400	596
49500	597
49600	570
49700	551
49800	590
49900	580
50000	562
50100	589
50200	628
50300	599
50400	575
50500	588
50600	532
50700	611
50800	565
50900	542
51000	547
51100	572
51200	542
51300	609
51400	542
51500	595
51600	557
51700	565
51800	581
51900	585
52000	565
52100	545
52200	586
52300	574
52400	611
52500	593
52600	628
52700	580
52800	585
52900	593
53000	547
53100	575
53200	629
53300	590
53400	588
53500	558
53600	524
53700	596
53800	591
53900	566
54000	573
54100	567
54200	608
54300	597
54400	586
54500	549
54600	569
54700	577
54800	527
54900	581
55000	604
55100	601
55200	588
55300	573
55400	546
55500	600
55600	579
55700	600
55800	590
55900	528
56000	563
56100	606
56200	590
56300	569
56400	619
56500	603
56600	575
56700	570
56800	573
56900	583
57000	568
57100	584
57200	601
57300	582
57400	614
57500	568
57600	568
57700	571
57800	592
57900	584
58000	542
58100	574
58200	542
58300	590
58400	614
58500	604
58600	573
58700	593
58800	614
58900	617
59000	560
59100	609
59200	522
59300	581
59400	572
59500	607
59600	555
59700	573
59800	592
59900	538
60000	599
60100	563
60200	601
60300	572
60400	558
60500	600
60600	580
60700	587
60800	582
60900	603
61000	601
61100	587
61200	586
61300	583
61400	568
61500	576
61600	602
61700	578
61800	581
61900	617
62000	567
62100	572
62200	555
62300	602
62400	624
62500	603
62600	591
62700	566
62800	568
62900	572
63000	571
63100	530
63200	593
63300	611
63400	603
63500	571
63600	560
63700	563
63800	559
63900	553
64000	568
64100	574
64200	579
64300	574
64400	591
64500	560
64600	580
64700	574
64800	602
64900	565
65000	576
65100	606
65200	575
65300	554
65400	566
65500	572
65600	544
65700	582
65800	643
65900	578
66000	539
66100	566
66200	584
66300	578
66400	564
66500	594
66600	574
66700	588
66800	565
66900	568
67000	598
67100	610
67200	607
67300	535
67400	605
67500	577
67600	589
67700	570
67800	600
67900	592
68000	607
68100	587
68200	565
68300	597
68400	582
68500	582
68600	546
68700	542
68800	606
68900	601
69000	583
69100	570
69200	546
69300	566
69400	614
69500	634
69600	577
69700	595
69800	579
69900	564
70000	611
70100	580
70200	578
70300	616
70400	558
70500	613
70600	591
70700	535
70800	546
70900	601
71000	570
71100	567
71200	561
71300	614
71400	608
71500	578
71600	611
71700	646
71800	581
71900	571
72000	579
72100	573
72200	561
72300	564
72400	563
72500	613
72600	538
72700	616
72800	577
72900	565
73000	547
73100	557
73200	590
73300	545
73400	595
73500	577
73600	544
73700	545
73800	559
73900	592
74000	549
74100	547
74200	562
74300	601
74400	598
74500	633
74600	559
74700	503
74800	595
74900	598
75000	550
75100	597
75200	582
75300	535
75400	574
75500	569
75600	572
75700	594
75800	582
75900	566
76000	597
76100	565
76200	567
76300	594
76400	565
76500	573
76600	567
76700	577
76800	630
76900	578
77000	559
77100	600
77200	557
77300	581
77400	615
77500	553
77600	584
77700	633
77800	602
77900	593
78000	539
78100	570
78200	566
78300	564
78400	573
78500	596
78600	596
78700	590
78800	608
78900	640
79000	537
79100	534
79200	576
79300	593
79400	556
79500	599
79600	568
79700	596
79800	553
79900	609
80000	569
80100	537
80200	579
80300	594
80400	560
80500	610
80600	582
80700	570
80800	631
80900	620
81000	589
81100	604
81200	567
81300	582
81400	581
81500	566
81600	583
81700	600
81800	570
81900	586
82000	601
82100	566
82200	599
82300	559
82400	569
82500	565
82600	577
82700	649
82800	593
82900	567
83000	599
83100	613
83200	546
83300	593
83400	584
83500	625
83600	583
83700	583
83800	565
83900	588
84000	587
84100	601
84200	576
84300	549
84400	564
84500	584
84600	607
84700	614
84800	574
84900	532
85000	605
85100	551
85200	590
85300	628
85400	599
85500	550
85600	577
85700	552
85800	567
85900	542
86000	578
86100	549
86200	544
86300	562
86400	547
86500	613
86600	553
86700	566
86800	614
86900	606
87000	598
87100	570
87200	578
87300	581
87400	595
87500	583
87600	538
87700	562
87800	609
87900	576
88000	574
88100	510
88200	556
88300	564
88400	606
88500	567
88600	552
88700	606
88800	546
88900	575
89000	558
89100	611
89200	566
89300	591
89400	594
89500	607
89600	595
89700	546
89800	616
89900	556
90000	568
90100	554
90200	614
90300	614
90400	550
90500	589
90600	550
90700	581
90800	557
90900	605
91000	576
91100	592
91200	642
91300	588
91400	603
91500	582
91600	589
91700	591
91800	597
91900	599
92000	561
92100	628
92200	560
92300	589
92400	586
92500	593
92600	573
92700	601
92800	593
92900	612
93000	556
93100	599
93200	524
93300	563
93400	594
93500	600
93600	555
93700	575
93800	597
93900	636
94000	649
94100	604
94200	577
94300	580
94400	578
94500	534
94600	594
94700	559
94800	596
94900	617
95000	616
95100	523
95200	574
95300	557
95400	543
95500	574
95600	588
95700	603
95800	582
95900	562
96000	587
96100	571
96200	565
96300	543
96400	599
96500	537
96600	597
96700	591
96800	597
96900	591
97000	591
97100	583
97200	607
97300	569
97400	558
97500	579
97600	544
97700	590
97800	577
97900	589
98000	584
98100	558
98200	537
98300	591
98400	574
98500	540
98600	567
98700	561
98800	569
98900	563
99000	581
99100	552
99200	619
99300	584
99400	564
99500	602
99600	557
99700	570
99800	595
99900	574
