"Time (ps)"	"Counts per bin"
0	13128464
100	0
200	0
300	0
400	0
500	0
600	0
700	0
800	0
900	0
1000	0
1100	0
1200	0
1300	0
1400	0
1500	0
1600	0
1700	0
1800	0
1900	0
2000	0
2100	0
2200	0
2300	0
2400	0
2500	0
2600	0
2700	0
2800	0
2900	0
3000	0
3100	0
3200	0
3300	0
3400	0
3500	0
3600	0
3700	0
3800	0
3900	0
4000	0
4100	0
4200	0
4300	0
4400	0
4500	0
4600	0
4700	0
4800	0
4900	0
5000	0
5100	0
5200	0
5300	0
5400	0
5500	0
5600	0
5700	0
5800	0
5900	0
6000	0
6100	0
6200	0
6300	0
6400	0
6500	0
6600	0
6700	0
6800	0
6900	0
7000	0
7100	0
7200	0
7300	0
7400	0
7500	0
7600	0
7700	0
7800	0
7900	0
8000	0
8100	0
8200	0
8300	0
8400	0
8500	0
8600	0
8700	0
8800	0
8900	0
9000	0
9100	0
9200	0
9300	0
9400	0
9500	0
9600	0
9700	0
9800	0
9900	0
10000	0
10100	0
10200	0
10300	0
10400	0
10500	0
10600	0
10700	0
10800	0
10900	0
11000	0
11100	0
11200	0
11300	0
11400	0
11500	0
11600	0
11700	0
11800	0
11900	0
12000	0
12100	0
12200	0
12300	0
12400	0
12500	0
12600	0
12700	0
12800	0
12900	0
13000	0
13100	0
13200	0
13300	0
13400	0
13500	0
13600	0
13700	0
13800	0
13900	0
14000	0
14100	0
14200	0
14300	0
14400	0
14500	0
14600	0
14700	0
14800	0
14900	0
15000	0
15100	0
15200	0
15300	0
15400	0
15500	0
15600	0
15700	0
15800	0
15900	0
16000	0
16100	0
16200	0
16300	0
16400	0
16500	0
16600	0
16700	0
16800	0
16900	0
17000	0
17100	0
17200	0
17300	0
17400	0
17500	0
17600	0
17700	0
17800	0
17900	0
18000	0
18100	0
18200	0
18300	0
18400	0
18500	0
18600	0
18700	0
18800	0
18900	0
19000	0
19100	0
19200	0
19300	0
19400	0
19500	0
19600	0
19700	1
19800	0
19900	1
20000	2
20100	1
20200	1
20300	0
20400	0
20500	2
20600	2
20700	0
20800	0
20900	1
21000	4
21100	0
21200	2
21300	3
21400	6
21500	6
21600	5
21700	9
21800	11
21900	15
22000	11
22100	17
22200	24
22300	45
22400	47
22500	63
22600	90
22700	115
22800	138
22900	169
23000	192
23100	216
23200	252
23300	295
23400	303
23500	337
23600	325
23700	394
23800	399
23900	462
24000	509
24100	429
24200	494
24300	489
24400	503
24500	503
24600	541
24700	539
24800	516
24900	555
25000	575
25100	627
25200	598
25300	555
25400	603
25500	540
25600	525
25700	552
25800	557
25900	534
26000	512
26100	539
26200	537
26300	603
26400	629
26500	656
26600	644
26700	653
26800	677
26900	656
27000	633
27100	608
27200	591
27300	596
27400	578
27500	609
27600	559
27700	565
27800	581
27900	573
28000	549
28100	599
28200	553
28300	558
28400	555
28500	563
28600	581
28700	568
28800	540
28900	546
29000	571
29100	564
29200	582
29300	578
29400	576
29500	599
29600	552
29700	524
29800	550
29900	538
30000	576
30100	552
30200	510
30300	537
30400	558
30500	558
30600	543
30700	586
30800	554
30900	575
31000	558
31100	541
31200	527
31300	532
31400	607
31500	588
31600	587
31700	558
31800	574
31900	552
32000	592
32100	582
32200	553
32300	571
32400	550
32500	563
32600	594
32700	544
32800	520
32900	594
33000	577
33100	539
33200	563
33300	527
33400	578
33500	568
33600	531
33700	581
33800	584
33900	601
34000	573
34100	564
34200	595
34300	605
34400	569
34500	574
34600	534
34700	552
34800	597
34900	555
35000	538
35100	554
35200	610
35300	555
35400	527
35500	586
35600	587
35700	593
35800	591
35900	554
36000	593
36100	573
36200	588
36300	578
36400	555
36500	548
36600	588
36700	598
36800	560
36900	566
37000	575
37100	559
37200	564
37300	608
37400	582
37500	543
37600	595
37700	583
37800	577
37900	558
38000	536
38100	578
38200	523
38300	589
38400	570
38500	564
38600	586
38700	559
38800	557
38900	577
39000	576
39100	581
39200	577
39300	574
39400	594
39500	566
39600	595
39700	575
39800	602
39900	595
40000	573
40100	577
40200	570
40300	572
40400	556
40500	549
40600	583
40700	534
40800	598
40900	559
41000	624
41100	618
41200	552
41300	567
41400	592
41500	559
41600	572
41700	561
41800	593
41900	592
42000	557
42100	572
42200	596
42300	521
42400	615
42500	560
42600	576
42700	547
42800	595
42900	593
43000	571
43100	564
43200	554
43300	564
43400	553
43500	559
43600	603
43700	543
43800	569
43900	545
44000	577
44100	586
44200	593
44300	554
44400	604
44500	579
44600	540
44700	523
44800	639
44900	559
45000	610
45100	565
45200	583
45300	529
45400	572
45500	575
45600	556
45700	585
45800	570
45900	514
46000	616
46100	604
46200	606
46300	584
46400	543
46500	615
46600	563
46700	577
46800	589
46900	572
47000	576
47100	557
47200	559
47300	591
47400	614
47500	534
47600	597
47700	572
47800	591
47900	555
48000	541
48100	577
48200	604
48300	568
48400	569
48500	557
48600	588
48700	597
48800	608
48900	570
49000	545
49100	555
49200	558
49300	569
49400	584
49500	627
49600	575
49700	610
49800	522
49900	589
50000	581
50100	610
50200	557
50300	623
50400	558
50500	549
50600	588
50700	570
50800	581
50900	583
51000	569
51100	607
51200	611
51300	566
51400	570
51500	570
51600	607
51700	592
51800	539
51900	550
52000	580
52100	591
52200	569
52300	563
52400	566
52500	568
52600	591
52700	581
52800	583
52900	593
53000	571
53100	592
53200	552
53300	585
53400	561
53500	561
53600	553
53700	551
53800	585
53900	551
54000	588
54100	549
54200	574
54300	593
54400	565
54500	570
54600	547
54700	593
54800	577
54900	573
55000	552
55100	550
55200	556
55300	520
55400	581
55500	574
55600	566
55700	563
55800	535
55900	592
56000	561
56100	595
56200	564
56300	585
56400	599
56500	597
56600	560
56700	599
56800	628
56900	571
57000	570
57100	614
57200	577
57300	602
57400	577
57500	559
57600	588
57700	542
57800	538
57900	566
58000	557
58100	573
58200	592
58300	556
58400	591
58500	610
58600	590
58700	584
58800	597
58900	585
59000	535
59100	550
59200	605
59300	600
59400	581
59500	545
59600	578
59700	552
59800	565
59900	561
60000	583
60100	590
60200	536
60300	576
60400	555
60500	511
60600	573
60700	544
60800	575
60900	580
61000	588
61100	580
61200	546
61300	598
61400	562
61500	535
61600	581
61700	590
61800	589
61900	582
62000	567
62100	555
62200	574
62300	569
62400	588
62500	596
62600	548
62700	634
62800	577
62900	607
63000	582
63100	588
63200	578
63300	606
63400	567
63500	574
63600	590
63700	540
63800	547
63900	582
64000	609
64100	560
64200	550
64300	560
64400	561
64500	635
64600	596
64700	547
64800	528
64900	591
65000	586
65100	564
65200	573
65300	582
65400	562
65500	562
65600	599
65700	563
65800	622
65900	542
66000	563
66100	542
66200	535
66300	561
66400	624
66500	576
66600	563
66700	563
66800	588
66900	634
67000	556
67100	616
67200	548
67300	590
67400	536
67500	559
67600	577
67700	621
67800	576
67900	568
68000	542
68100	538
68200	582
68300	563
68400	622
68500	583
68600	627
68700	570
68800	540
68900	599
69000	582
69100	536
69200	573
69300	528
69400	596
69500	584
69600	549
69700	587
69800	594
69900	590
70000	601
70100	588
70200	597
70300	581
70400	584
70500	560
70600	572
70700	547
70800	528
70900	620
71000	547
71100	579
71200	599
71300	549
71400	565
71500	582
71600	588
71700	586
71800	560
71900	580
72000	555
72100	573
72200	567
72300	542
72400	585
72500	576
72600	579
72700	559
72800	601
72900	595
73000	562
73100	611
73200	565
73300	578
73400	566
73500	591
73600	588
73700	567
73800	590
73900	583
74000	519
74100	620
74200	555
74300	600
74400	589
74500	560
74600	554
74700	607
74800	566
74900	619
75000	563
75100	584
75200	592
75300	571
75400	604
75500	565
75600	600
75700	547
75800	586
75900	555
76000	585
76100	564
76200	610
76300	616
76400	573
76500	602
76600	567
76700	611
76800	563
76900	521
77000	601
77100	589
77200	572
77300	584
77400	553
77500	561
77600	578
77700	589
77800	571
77900	569
78000	588
78100	572
78200	581
78300	584
78400	567
78500	558
78600	581
78700	610
78800	582
78900	577
79000	594
79100	549
79200	550
79300	623
79400	563
79500	563
79600	556
79700	554
79800	578
79900	529
80000	570
80100	607
80200	573
80300	578
80400	560
80500	554
80600	580
80700	549
80800	586
80900	581
81000	566
81100	553
81200	578
81300	541
81400	583
81500	527
81600	548
81700	581
81800	569
81900	601
82000	589
82100	591
82200	581
82300	601
82400	538
82500	553
82600	593
82700	554
82800	543
82900	581
83000	562
83100	593
83200	531
83300	566
83400	561
83500	590
83600	584
83700	582
83800	588
83900	601
84000	579
84100	570
84200	564
84300	544
84400	617
84500	563
84600	604
84700	558
84800	540
84900	573
85000	527
85100	557
85200	606
85300	578
85400	532
85500	569
85600	561
85700	569
85800	590
85900	529
86000	574
86100	593
86200	581
86300	579
86400	570
86500	634
86600	645
86700	605
86800	536
86900	546
87000	636
87100	577
87200	594
87300	619
87400	641
87500	580
87600	599
87700	538
87800	622
87900	560
88000	592
88100	599
88200	559
88300	570
88400	578
88500	597
88600	560
88700	602
88800	568
88900	635
89000	604
89100	594
89200	571
89300	507
89400	590
89500	558
89600	515
89700	599
89800	576
89900	569
90000	489
90100	537
90200	549
90300	575
90400	541
90500	571
90600	583
90700	564
90800	599
90900	630
91000	582
91100	608
91200	566
91300	570
91400	549
91500	536
91600	590
91700	598
91800	571
91900	571
92000	561
92100	602
92200	562
92300	572
92400	571
92500	591
92600	580
92700	547
92800	574
92900	589
93000	535
93100	631
93200	610
93300	656
93400	596
93500	587
93600	591
93700	581
93800	561
93900	589
94000	587
94100	550
94200	572
94300	583
94400	570
94500	579
94600	580
94700	608
94800	597
94900	565
95000	657
95100	564
95200	556
95300	554
95400	579
95500	630
95600	573
95700	569
95800	559
95900	581
96000	532
96100	548
96200	572
96300	570
96400	534
96500	592
96600	558
96700	543
96800	555
96900	592
97000	598
97100	560
97200	591
97300	569
97400	557
97500	553
97600	615
97700	582
97800	575
97900	570
98000	591
98100	606
98200	602
98300	582
98400	552
98500	615
98600	576
98700	590
98800	555
98900	594
99000	523
99100	559
99200	600
99300	575
99400	571
99500	569
99600	607
99700	563
99800	596
99900	596
