2024-07-24 11:47:57

Description 
===========





IV Curve
========

Abbreviation: BC = Bias Current (muA), BV = Bias Voltage (V), C = Counts, IT = Integration Time (ms)
Detector number is attached to abbreviation, e.g. BV3 is the bias voltage of the third detector.

BC	BV1	BV2	BV3	BV4	BV5	BV6	BV7	BV8	C1	C2	C3	C4	C5	C6	C7	C8	IT

0.0	0.002	0.0	0.002	-0.001	-0.001	-0.001	-0.001	0.001	1	1	1	1	1	1	1	1	1000.0
0.1	0.002	0.0	-0.0	-0.001	-0.001	-0.001	0.001	-0.001	0	0	0	0	0	0	0	0	1000.0
0.2	0.002	-0.001	-0.001	-0.002	-0.001	0.004	-0.003	-0.001	0	0	0	0	0	0	0	0	1000.0
0.3	0.0	0.0	0.002	-0.001	0.001	0.001	-0.001	-0.001	0	0	0	0	0	0	0	0	1000.0
0.4	0.0	0.002	-0.0	-0.001	0.001	0.001	-0.001	0.001	0	0	0	0	0	0	0	0	1000.0
0.5	-0.001	-0.001	-0.001	-0.002	-0.003	-0.001	0.001	0.001	0	0	0	0	0	0	0	0	1000.0
0.6	0.0	0.0	-0.0	0.001	0.001	-0.001	0.001	0.001	0	0	0	0	0	0	0	0	1000.0
0.7	-0.001	-0.001	-0.001	-0.002	-0.001	-0.001	0.001	0.001	0	0	0	0	0	0	0	0	1000.0
0.8	-0.001	-0.001	-0.001	-0.002	-0.001	-0.001	0.001	0.001	0	0	0	0	0	0	0	0	1000.0
0.9	0.002	0.0	0.002	-0.001	-0.001	0.001	-0.001	-0.001	0	0	0	0	0	0	0	0	1000.0
1.0	0.0	0.0	-0.001	-0.001	0.004	-0.001	-0.001	-0.003	0	0	0	0	0	0	0	0	1000.0
1.1	0.002	0.0	-0.0	-0.001	-0.001	-0.001	-0.001	0.001	0	0	0	0	0	0	0	0	1000.0
1.2	-0.001	0.001	-0.001	0.0	0.001	-0.003	0.001	-0.001	0	0	0	0	0	0	0	0	1000.0
1.3	-0.001	-0.001	-0.001	-0.002	-0.001	0.001	-0.001	0.001	0	0	0	0	0	0	0	0	1000.0
1.4	0.002	-0.001	-0.001	0.001	0.001	0.001	0.001	0.001	0	0	0	0	0	0	0	0	1000.0
1.5	-0.001	-0.001	0.002	-0.002	-0.001	0.001	0.004	0.001	0	0	0	0	0	0	0	0	1000.0
1.6	0.0	0.0	0.002	-0.001	-0.0	0.0	-0.0	0.0	0	0	0	0	0	0	0	0	1000.0
1.7	0.0	0.0	-0.0	-0.001	-0.001	-0.001	-0.001	0.001	0	0	0	0	0	0	0	0	1000.0
1.8	0.0	0.001	-0.001	-0.002	0.001	-0.001	-0.001	-0.001	0	0	0	0	0	0	0	0	1000.0
1.9	0.0	0.001	-0.0	-0.001	0.002	0.0	-0.0	0.002	0	0	0	0	0	0	0	0	1000.0
2.0	-0.001	-0.001	0.002	-0.002	-0.001	-0.003	-0.001	-0.001	0	0	0	0	0	0	0	0	1000.0
2.1	0.0	0.0	-0.0	-0.001	-0.001	-0.003	-0.001	0.001	0	0	0	0	0	0	0	0	1000.0
2.2	-0.001	-0.001	-0.001	0.003	-0.001	-0.001	0.001	0.001	0	0	0	0	0	0	0	0	1000.0
2.3	-0.001	0.002	0.004	-0.002	-0.001	-0.001	-0.001	0.001	0	0	0	0	0	0	0	0	1000.0
2.4	0.0	-0.001	0.002	-0.001	0.001	0.001	0.001	-0.001	0	0	0	0	0	0	0	0	1000.0
2.5	0.0	0.0	-0.0	0.001	-0.001	-0.001	0.001	0.001	0	0	0	0	0	0	0	0	1000.0
2.6	-0.001	-0.001	0.002	-0.002	-0.001	0.001	0.001	-0.001	0	0	0	0	0	0	0	0	1000.0
2.7	0.002	-0.001	0.002	-0.002	-0.002	-0.002	-0.002	0.001	0	0	0	0	0	0	0	0	1000.0
2.8	0.004	-0.001	-0.001	0.001	-0.002	-0.002	-0.002	-0.002	0	0	0	0	0	0	0	0	1000.0
2.9	-0.001	0.002	0.002	-0.002	0.001	0.001	-0.001	-0.001	0	0	0	0	0	0	0	0	1000.0
3.0	-0.001	-0.001	-0.001	-0.002	-0.001	0.001	0.001	-0.001	0	0	0	0	0	0	0	0	1000.0
3.1	0.0	0.0	-0.0	-0.001	-0.001	-0.001	-0.001	-0.001	0	0	0	0	0	0	0	0	1000.0
3.2	-0.001	-0.001	-0.001	0.001	-0.0	0.0	0.002	0.002	0	0	0	0	0	0	0	0	1000.0
3.3	0.0	0.002	-0.0	-0.001	-0.001	0.001	0.001	0.001	0	0	0	0	0	0	0	0	1000.0
3.4	0.002	0.002	-0.001	0.001	-0.001	-0.001	-0.001	-0.001	0	0	0	0	0	0	0	0	1000.0
3.5	-0.001	-0.001	0.002	-0.002	0.001	-0.001	-0.001	0.001	0	0	0	0	0	0	0	0	1000.0
3.6	-0.001	-0.001	0.002	-0.002	0.001	-0.002	-0.002	-0.002	0	0	0	0	0	0	0	0	1000.0
3.7	-0.001	-0.001	0.002	-0.002	-0.0	0.0	0.002	0.0	0	0	0	0	0	0	0	0	1000.0
3.8	0.0	0.0	-0.0	0.001	0.002	0.0	-0.0	0.0	0	0	0	0	0	0	0	0	1000.0
3.9	0.0	0.0	0.002	-0.001	-0.001	-0.001	0.001	-0.001	0	0	0	0	0	0	0	0	1000.0
4.0	-0.001	0.002	-0.001	-0.002	0.002	0.002	-0.0	0.005	0	0	0	0	0	0	0	0	1000.0
4.1	0.002	-0.001	0.002	-0.002	0.001	-0.003	0.004	0.001	0	0	0	0	0	0	0	0	1000.0
4.2	0.002	-0.001	0.002	-0.002	0.001	-0.001	0.001	0.001	0	0	0	0	0	0	0	0	1000.0
4.3	0.002	-0.001	-0.001	0.003	0.001	-0.001	0.001	0.001	0	0	0	0	0	0	0	0	1000.0
4.4	-0.001	-0.001	-0.001	-0.002	0.001	0.001	0.001	-0.002	0	0	0	0	0	0	0	0	1000.0
4.5	-0.001	0.002	0.002	0.001	-0.0	0.0	0.002	0.002	0	0	0	0	0	0	0	0	1000.0
4.6	0.002	-0.001	-0.001	-0.002	-0.001	-0.001	-0.001	-0.001	0	0	0	0	0	0	0	0	1000.0
4.7	0.002	0.0	0.002	0.001	-0.001	0.001	-0.001	-0.001	0	0	0	0	0	0	0	0	1000.0
4.8	0.002	-0.001	0.002	-0.002	0.001	0.001	0.001	0.001	0	0	0	0	0	0	0	0	1000.0
4.9	-0.001	-0.001	0.002	-0.002	-0.0	0.002	-0.0	-0.003	0	0	0	0	0	0	0	0	1000.0
5.0	0.001	-0.001	-0.001	-0.002	0.001	-0.003	-0.001	-0.001	0	0	0	0	0	0	0	0	1000.0
5.1	-0.001	-0.001	0.002	0.001	-0.001	0.001	0.004	-0.001	0	0	0	0	0	0	0	0	1000.0
5.2	0.0	0.0	0.002	-0.001	-0.001	-0.001	0.001	-0.001	0	0	0	0	0	0	0	0	1000.0
5.3	0.0	0.0	0.002	0.001	0.001	0.001	0.001	-0.001	0	0	0	0	0	0	0	0	1000.0
5.4	-0.001	-0.001	0.002	0.001	0.001	0.001	0.001	0.001	0	0	0	0	0	0	0	0	1000.0
5.5	0.002	0.0	-0.0	-0.001	0.002	0.002	-0.0	0.0	0	0	0	0	0	0	0	0	1000.0
5.6	-0.001	-0.001	0.001	-0.002	-0.001	0.001	0.001	-0.001	0	0	0	0	0	0	0	0	1000.0
5.7	0.001	-0.001	-0.001	-0.002	0.001	-0.001	0.001	0.004	0	0	0	0	0	0	0	0	1000.0
5.8	-0.001	-0.001	-0.001	-0.002	-0.002	0.001	-0.002	-0.004	0	0	0	0	0	0	0	0	1000.0
5.9	-0.001	-0.001	-0.001	-0.002	-0.001	0.001	-0.001	-0.001	0	0	0	0	0	0	0	0	1000.0
6.0	-0.001	-0.001	0.002	-0.002	-0.001	-0.003	-0.001	0.001	0	0	0	0	0	0	0	0	1000.0
6.1	0.002	-0.001	-0.001	0.001	-0.001	-0.001	-0.001	-0.001	0	0	0	0	0	0	0	0	1000.0
6.2	-0.001	0.002	0.002	-0.002	-0.0	0.0	-0.0	0.0	0	0	0	0	0	0	0	0	1000.0
6.3	0.0	0.002	0.002	-0.001	-0.001	-0.001	0.001	-0.001	0	0	0	0	0	0	0	0	1000.0
6.4	-0.001	-0.001	-0.001	-0.002	-0.001	0.001	0.004	0.001	0	0	0	0	0	0	0	0	1000.0
6.5	-0.001	-0.001	0.002	-0.002	0.002	0.0	0.002	0.0	0	0	0	0	0	0	0	0	1000.0
6.6	-0.001	-0.001	-0.001	-0.002	-0.001	-0.001	0.001	0.001	0	0	0	0	0	0	0	0	1000.0
6.7	-0.001	-0.001	0.002	-0.002	0.001	0.001	-0.001	0.001	0	0	0	0	0	0	0	0	1000.0
6.8	-0.001	-0.001	0.002	0.001	0.001	-0.002	0.001	-0.002	0	0	0	0	0	0	0	0	1000.0
6.9	0.002	-0.001	0.002	-0.002	-0.0	-0.003	0.002	0.0	0	0	0	0	0	0	0	0	1000.0
7.0	-0.001	-0.001	0.001	-0.002	0.002	0.002	0.005	-0.003	0	0	0	0	0	0	0	0	1000.0
7.1	0.002	0.002	-0.0	-0.001	0.001	-0.002	0.001	-0.002	0	0	0	0	0	0	0	0	1000.0
7.2	0.002	-0.001	-0.001	-0.002	0.003	0.0	0.003	0.0	0	0	0	0	0	0	0	0	1000.0
7.3	0.001	-0.001	-0.001	-0.002	0.001	-0.001	-0.001	0.001	0	0	0	0	0	0	0	0	1000.0
7.4	-0.001	-0.001	0.002	0.001	0.002	0.002	0.002	0.002	0	0	0	0	0	0	0	0	1000.0
7.5	-0.001	-0.001	0.002	-0.002	0.001	-0.002	-0.002	0.001	0	0	0	0	0	0	0	0	1000.0
7.6	-0.001	-0.001	0.001	0.0	-0.002	-0.002	0.001	0.001	0	0	0	0	0	0	0	0	1000.0
7.7	-0.001	-0.001	-0.001	-0.002	0.001	-0.001	-0.003	-0.003	0	0	0	0	0	0	0	0	1000.0
7.8	0.002	-0.001	-0.001	-0.002	-0.001	0.001	0.001	0.001	0	0	0	0	0	0	0	0	1000.0
7.9	-0.001	-0.001	-0.001	-0.002	0.001	-0.002	0.001	-0.002	0	0	0	0	0	0	0	0	1000.0
8.0	0.0	0.0	-0.0	-0.001	-0.0	0.0	0.002	0.002	0	0	0	0	0	0	0	0	1000.0
8.1	0.0	-0.001	-0.0	0.001	0.001	0.001	-0.001	-0.001	0	0	0	0	0	0	0	0	1000.0
8.2	0.0	0.0	0.002	-0.001	0.001	-0.003	0.001	0.001	0	0	0	0	0	0	0	0	1000.0
8.3	0.002	0.0	-0.0	0.001	0.001	-0.001	-0.001	0.001	0	0	0	0	0	0	0	0	1000.0
8.4	-0.001	-0.001	-0.001	-0.002	-0.001	-0.001	-0.001	0.004	0	0	0	0	0	0	0	0	1000.0
8.5	0.002	0.002	0.002	-0.001	-0.001	-0.001	0.001	-0.001	0	0	0	0	0	0	0	0	1000.0
8.6	-0.001	-0.001	0.002	-0.002	-0.002	-0.002	-0.002	0.001	0	0	0	0	0	0	0	0	1000.0
8.7	0.0	0.0	0.002	-0.001	0.001	-0.001	-0.001	-0.001	0	0	0	0	0	0	0	0	1000.0
8.8	0.002	0.0	-0.0	-0.001	0.001	-0.001	-0.001	-0.001	0	0	0	0	0	0	0	0	1000.0
8.9	0.0	0.002	-0.0	-0.001	0.001	0.001	0.001	-0.001	0	0	0	0	0	0	0	0	1000.0
9.0	-0.001	-0.001	-0.001	-0.002	-0.001	-0.001	0.004	-0.001	2	0	0	0	0	0	0	0	1000.0
9.1	0.002	-0.001	-0.001	-0.002	0.001	-0.001	-0.001	0.001	0	0	0	0	0	0	0	0	1000.0
9.2	0.002	0.0	-0.0	-0.001	-0.0	0.0	-0.0	0.002	4	0	0	0	0	0	0	0	1000.0
9.3	0.002	0.0	-0.0	0.001	-0.001	-0.001	0.004	-0.001	0	0	0	0	0	0	0	0	1000.0
9.4	0.002	0.002	0.002	0.001	0.002	0.0	0.002	0.0	3	0	0	0	0	0	0	0	1000.0
9.5	0.0	0.002	-0.0	-0.001	-0.001	-0.001	0.001	0.001	4	0	0	0	0	0	0	0	1000.0
9.6	-0.001	-0.001	0.001	-0.002	-0.001	0.001	0.001	-0.001	3	0	0	0	0	0	0	0	1000.0
9.7	0.0	0.0	-0.0	-0.001	-0.002	0.001	0.001	-0.002	12	0	0	0	0	0	0	0	1000.0
9.8	-0.001	-0.001	0.002	-0.002	-0.0	0.002	-0.0	0.0	10	0	0	0	0	0	0	0	1000.0
9.9	0.0	0.0	0.002	-0.001	0.001	0.001	0.001	-0.003	16	0	0	0	0	0	0	0	1000.0
10.0	-0.001	-0.001	-0.001	0.001	0.001	-0.002	-0.002	-0.002	31	0	0	0	0	0	0	0	1000.0
10.1	0.002	0.0	-0.0	-0.001	0.001	0.001	0.001	-0.001	26	0	0	0	0	0	0	0	1000.0
10.2	-0.001	0.002	0.002	-0.002	-0.0	0.002	0.002	0.002	42	0	0	0	0	0	0	0	1000.0
10.3	0.0	0.0	-0.0	0.001	-0.001	-0.001	0.001	0.001	63	0	0	0	0	0	0	0	1000.0
10.4	-0.001	-0.001	-0.001	-0.002	-0.001	0.001	0.001	-0.003	107	0	0	0	0	0	0	0	1000.0
10.5	-0.001	-0.001	0.002	-0.002	-0.001	0.001	0.001	-0.001	149	0	0	0	0	0	0	0	1000.0
10.6	-0.001	-0.001	0.002	-0.002	0.001	0.001	-0.001	-0.001	206	0	0	0	0	0	0	0	1000.0
10.7	-0.001	-0.001	-0.001	-0.002	0.001	0.001	0.001	-0.001	282	0	0	0	0	0	0	0	1000.0
10.8	0.002	0.0	-0.0	-0.001	0.002	0.0	-0.0	0.0	362	0	0	0	0	0	0	0	1000.0
10.9	0.0	0.0	0.002	0.001	0.001	-0.002	-0.002	-0.002	485	0	0	0	0	0	0	0	1000.0
11.0	0.0	0.0	-0.0	0.001	0.001	-0.002	-0.002	-0.004	715	0	0	0	0	0	0	0	1000.0
11.1	-0.001	0.002	-0.001	-0.002	-0.001	0.001	0.004	-0.001	1016	0	0	0	0	0	0	0	1000.0
11.2	0.0	0.0	-0.0	-0.001	0.001	0.001	-0.001	-0.001	1243	0	0	0	0	0	0	0	1000.0
11.3	-0.001	0.001	-0.001	-0.002	-0.001	-0.001	-0.001	-0.001	1728	0	0	0	0	0	0	0	1000.0
11.4	0.0	0.0	-0.0	-0.001	0.002	0.002	-0.0	0.002	2313	0	0	0	0	0	0	0	1000.0
11.5	0.0	0.002	0.002	-0.001	-0.003	0.0	-0.0	0.002	3088	0	0	0	0	0	0	0	1000.0
11.6	0.002	0.002	0.002	-0.001	0.003	-0.002	-0.002	0.001	3903	0	0	0	0	0	0	0	1000.0
11.7	-0.001	0.002	0.002	-0.002	-0.001	0.001	-0.003	-0.001	5222	0	0	0	0	0	0	0	1000.0
11.8	-0.001	-0.001	-0.001	-0.002	0.001	-0.002	0.001	0.001	6657	0	0	0	0	0	0	0	1000.0
11.9	-0.001	-0.001	0.002	0.001	0.002	0.002	0.002	0.0	8670	0	0	0	0	0	0	0	1000.0
12.0	0.0	0.0	0.002	0.001	-0.0	0.0	-0.0	0.0	11013	0	0	0	0	0	0	0	1000.0
12.1	0.0	0.0	-0.0	-0.001	0.001	0.001	0.001	0.001	14462	0	0	0	0	0	0	0	1000.0
12.2	-0.001	0.002	-0.001	-0.002	-0.001	-0.001	0.001	0.001	18050	0	0	0	0	0	0	0	1000.0
12.3	-0.001	0.002	-0.001	-0.002	0.001	-0.001	0.001	-0.001	22818	0	0	0	0	0	0	0	1000.0
12.4	-0.001	-0.001	-0.001	-0.002	-0.001	0.001	-0.001	-0.001	28525	0	0	0	0	0	0	0	1000.0
12.5	-0.001	-0.001	-0.001	0.003	-0.003	-0.001	0.001	0.001	35587	0	0	0	0	0	0	0	1000.0
12.6	0.002	0.0	-0.0	-0.001	0.001	0.001	0.001	0.001	43688	0	0	0	0	0	0	0	1000.0
12.7	-0.001	-0.001	-0.001	-0.002	-0.001	-0.001	0.001	-0.001	53579	0	0	0	0	0	0	0	1000.0
12.8	-0.001	0.002	-0.001	-0.002	-0.0	0.0	0.002	0.002	65275	0	0	0	0	0	0	0	1000.0
12.9	-0.001	-0.001	-0.001	-0.002	-0.002	-0.002	0.001	-0.002	79266	0	0	0	0	0	0	0	1000.0
13.0	-0.001	-0.001	0.004	0.001	-0.0	0.0	0.002	0.002	95633	0	0	0	0	0	0	0	1000.0
13.1	0.0	0.0	-0.0	-0.001	0.001	0.001	0.001	-0.003	115008	0	0	0	0	0	0	0	1000.0
13.2	-0.001	0.0	-0.001	-0.001	0.004	0.001	0.001	0.001	138044	0	0	0	0	0	0	0	1000.0
13.3	-0.001	0.003	-0.001	-0.002	0.001	0.001	0.001	0.001	163892	0	0	0	0	0	0	0	1000.0
13.4	0.002	0.0	0.002	-0.001	-0.0	0.0	0.002	0.002	194761	0	0	0	0	0	0	0	1000.0
13.5	0.0	-0.001	0.002	-0.001	-0.001	-0.001	0.001	-0.001	232226	0	0	0	0	0	0	0	1000.0
13.6	0.0	0.0	-0.0	0.001	-0.001	0.001	0.001	-0.001	274384	0	0	0	0	0	0	0	1000.0
13.7	-0.001	0.002	-0.001	-0.002	0.001	0.001	-0.003	-0.001	319999	0	0	0	0	0	0	0	1000.0
13.8	0.0	0.0	0.002	-0.001	-0.001	-0.001	-0.001	-0.001	371603	0	0	0	0	0	0	0	1000.0
13.9	0.002	0.0	0.002	-0.001	-0.001	0.001	-0.001	-0.001	431033	0	0	0	0	0	0	0	1000.0
14.0	0.002	0.002	0.002	0.001	-0.001	0.001	-0.001	-0.003	498522	0	0	0	0	0	0	0	1000.0
14.1	0.002	-0.001	-0.001	-0.002	-0.0	0.0	0.005	0.0	575432	0	0	0	0	0	0	0	1000.0
14.2	0.0	0.0	-0.0	-0.001	0.001	-0.003	0.001	0.001	655966	0	0	0	0	0	0	0	1000.0
14.3	0.0	0.0	-0.0	0.001	-0.001	-0.001	-0.001	0.001	752354	0	0	0	0	0	0	0	1000.0
14.4	0.002	0.0	0.002	-0.001	0.004	0.001	-0.001	0.001	853326	0	0	0	0	0	0	0	1000.0
14.5	0.0	0.0	-0.0	-0.001	0.001	-0.001	0.001	-0.001	965718	0	0	0	0	0	0	0	1000.0
14.6	0.002	-0.001	-0.001	-0.002	0.001	0.001	0.001	-0.001	1092990	0	0	0	0	0	0	0	1000.0
14.7	-0.001	-0.001	-0.001	0.001	-0.002	-0.002	-0.002	-0.002	1227624	0	0	0	0	0	0	0	1000.0
14.8	-0.001	-0.001	0.002	-0.002	-0.0	0.002	-0.0	0.002	1374195	0	0	0	0	0	0	0	1000.0
14.9	0.0	-0.001	0.002	-0.001	0.005	0.0	-0.0	0.0	1531269	0	0	0	0	0	0	0	1000.0
15.0	0.002	-0.001	0.002	-0.002	0.002	0.002	0.002	0.0	1700563	0	0	0	0	0	0	0	1000.0
15.1	-0.001	0.002	-0.001	-0.002	-0.001	0.001	0.001	0.001	1894664	0	0	0	0	0	0	0	1000.0
15.2	0.002	0.002	-0.0	-0.001	-0.001	-0.001	-0.001	-0.001	2077441	0	0	0	0	0	0	0	1000.0
15.3	-0.001	0.002	0.002	0.001	-0.0	0.0	0.002	0.0	2277283	0	0	0	0	0	0	0	1000.0
15.4	0.002	-0.001	0.002	-0.002	0.001	-0.003	0.001	-0.001	2477962	0	0	0	0	0	0	0	1000.0
15.5	-0.001	-0.001	0.004	-0.002	0.001	-0.002	-0.002	0.001	2687372	0	0	0	0	0	0	0	1000.0
15.6	0.0	0.0	-0.0	-0.001	-0.0	0.002	-0.0	0.0	2897896	0	0	0	0	1	0	0	1000.0
15.7	0.003	-0.001	-0.001	-0.002	0.001	-0.001	0.004	0.001	3102426	0	0	0	0	0	0	0	1000.0
15.8	0.0	0.0	0.002	-0.001	0.001	-0.002	0.001	0.001	3314995	0	0	0	0	0	0	0	1000.0
15.9	-0.001	0.0	-0.0	-0.001	-0.001	0.001	-0.001	-0.003	3523087	0	0	0	0	0	0	0	1000.0
16.0	0.002	0.0	-0.0	0.001	-0.001	0.001	0.001	-0.001	3728436	0	0	0	0	0	0	0	1000.0
16.1	-0.001	-0.001	-0.001	0.001	0.001	-0.001	0.004	0.001	3928773	0	0	0	0	0	0	0	1000.0
16.2	0.002	0.002	-0.0	-0.001	-0.003	0.001	-0.001	-0.001	4116054	0	0	0	0	0	0	0	1000.0
16.3	-0.001	-0.001	0.002	0.001	0.001	-0.001	0.001	0.001	4309408	0	0	0	0	0	0	0	1000.0
16.4	0.002	-0.001	-0.001	-0.002	-0.001	0.001	-0.001	-0.001	4486900	0	0	0	0	0	0	0	1000.0
16.5	-0.001	-0.001	-0.001	-0.002	-0.001	-0.001	0.001	-0.001	4677336	0	0	0	1	0	0	0	1000.0
16.6	-0.001	-0.001	0.002	-0.002	0.001	-0.001	0.001	-0.001	4840758	0	0	0	0	0	0	1	1000.0
16.7	-0.001	0.002	0.002	-0.002	-0.001	-0.001	-0.001	0.001	5000229	0	0	0	1	1	0	0	1000.0
16.8	-0.001	-0.001	0.002	-0.002	-0.001	-0.001	0.001	-0.001	5151040	0	0	0	0	0	0	0	1000.0
16.9	-0.001	-0.001	-0.001	-0.002	-0.003	-0.001	-0.001	-0.001	5294910	0	0	0	1	2	0	0	1000.0
17.0	0.0	0.0	0.002	-0.001	-0.0	0.0	0.002	-0.003	5434796	0	0	0	1	0	0	0	1000.0
17.1	-0.001	-0.001	0.002	-0.002	0.002	0.0	0.002	0.0	5559707	0	0	0	1	0	0	0	1000.0
17.2	-0.001	0.002	0.002	0.001	-0.001	-0.001	-0.001	0.001	5682493	0	0	0	0	0	0	0	1000.0
17.3	0.002	-0.001	-0.001	0.001	-0.001	-0.001	0.001	0.001	5804566	0	0	0	0	0	0	0	1000.0
17.4	-0.001	-0.001	-0.001	-0.002	0.001	-0.001	-0.001	0.001	5914211	0	0	0	1	2	0	2	1000.0
17.5	0.0	0.0	0.003	-0.001	-0.002	-0.002	0.001	-0.002	6016388	0	0	0	2	0	0	0	1000.0
17.6	0.0	0.0	-0.0	-0.001	-0.001	-0.001	0.001	-0.003	6116569	0	0	0	1	0	0	0	1000.0
17.7	-0.001	-0.001	-0.001	0.001	0.001	0.004	0.001	-0.001	6206423	0	0	0	1	0	0	0	1000.0
17.8	0.0	0.0	0.002	-0.001	-0.001	-0.001	-0.003	0.001	6296722	0	0	0	1	3	0	0	1000.0
17.9	0.0	0.0	-0.0	0.001	-0.002	-0.002	0.001	0.001	6381887	0	0	0	1	0	0	0	1000.0
18.0	0.002	0.002	0.002	-0.001	-0.001	0.001	0.001	-0.001	6458402	0	0	0	0	3	0	0	1000.0
18.1	-0.001	-0.001	-0.001	0.001	-0.001	-0.001	0.004	-0.001	6535889	0	0	0	0	0	0	0	1000.0
18.2	0.002	-0.001	0.002	-0.002	-0.001	0.001	0.001	-0.001	6608680	0	0	0	4	1	0	0	1000.0
18.3	-0.001	-0.001	-0.001	-0.002	0.001	-0.003	0.001	-0.003	6674927	0	0	0	0	2	0	0	1000.0
18.4	-0.001	0.0	0.001	-0.002	0.001	-0.001	0.001	-0.001	6738321	0	0	0	1	2	0	0	1000.0
18.5	-0.001	-0.001	-0.001	0.001	0.004	0.001	0.001	0.001	6794957	0	0	0	3	2	0	1	1000.0
18.6	0.002	0.0	-0.0	-0.001	0.001	0.001	0.001	-0.003	6846041	0	0	0	0	1	0	0	1000.0
18.7	0.002	-0.001	-0.001	-0.002	-0.0	0.0	-0.0	0.002	6899833	0	0	0	1	3	0	1	1000.0
18.8	-0.001	0.002	0.002	-0.002	0.001	0.003	0.001	-0.002	6943646	0	0	0	1	3	0	0	1000.0
18.9	-0.001	-0.001	-0.001	0.001	-0.001	-0.001	-0.001	-0.001	6989574	0	0	0	3	3	0	0	1000.0
19.0	-0.001	-0.001	-0.001	-0.002	0.001	-0.002	-0.002	0.001	7033791	0	0	0	1	3	0	1	1000.0
19.1	0.002	0.0	-0.0	0.001	-0.0	0.0	-0.0	0.002	7073577	0	0	0	0	5	0	1	1000.0
19.2	0.002	-0.001	-0.001	-0.002	0.004	-0.001	0.001	-0.001	7109517	0	0	0	0	8	0	0	1000.0
19.3	-0.001	0.002	-0.001	-0.002	-0.0	0.002	-0.0	0.0	7146514	0	0	0	3	20	0	0	1000.0
19.4	-0.001	-0.001	0.002	-0.002	0.001	-0.001	0.004	-0.001	7176165	0	0	0	3	30	0	0	1000.0
19.5	0.002	-0.001	-0.001	-0.002	0.001	-0.001	0.001	0.001	7207055	0	0	0	2	46	0	0	1000.0
19.6	-0.001	-0.001	0.002	-0.002	-0.0	0.0	0.002	0.0	7240890	0	0	0	5	90	0	0	1000.0
19.7	0.002	-0.001	-0.001	-0.002	0.002	0.0	-0.0	0.0	7264294	0	0	0	2	156	0	0	1000.0
19.8	0.002	0.002	0.002	-0.001	-0.001	-0.003	-0.001	-0.001	7288526	0	0	0	5	315	0	0	1000.0
19.9	0.0	0.0	0.002	0.001	-0.001	-0.001	-0.001	-0.001	7314783	0	0	0	7	504	0	0	1000.0
20.0	0.0	0.0	0.002	-0.001	0.002	0.002	0.002	0.002	7332932	0	0	0	6	804	0	0	1000.0
20.1	-0.001	-0.001	0.002	-0.002	0.001	-0.002	-0.002	-0.002	7358963	0	0	0	11	1542	0	0	1000.0
20.2	-0.001	-0.001	-0.001	-0.002	0.001	-0.001	0.001	-0.001	7376449	0	0	0	16	3260	0	1	1000.0
20.3	-0.001	-0.001	-0.001	-0.002	0.001	-0.001	-0.001	-0.001	7394511	0	0	0	27	5859	0	1	1000.0
20.4	0.002	-0.001	-0.001	-0.002	0.001	-0.001	0.001	-0.001	7406540	0	0	0	61	10153	0	0	1000.0
20.5	-0.001	0.001	-0.001	0.0	0.001	0.001	0.001	-0.001	7423487	0	0	0	110	19393	0	0	1000.0
20.6	0.0	0.0	0.002	-0.001	0.001	0.001	-0.001	-0.001	7438966	0	0	0	233	34031	0	0	1000.0
20.7	-0.001	-0.001	-0.001	-0.002	-0.001	2.739	0.001	0.001	7452528	0	0	0	548	23824	0	0	1000.0
20.8	-0.001	-0.001	0.002	-0.002	-0.001	2.759	-0.001	-0.001	7467773	0	0	0	1096	0	0	0	1000.0
20.9	-0.001	-0.001	-0.001	-0.002	-0.001	2.773	0.001	-0.001	7481591	0	0	0	2486	0	0	0	1000.0
21.0	-0.001	-0.001	-0.001	0.001	0.001	2.788	0.001	0.004	7497803	0	0	0	4151	0	0	0	1000.0
21.1	0.0	0.0	-0.0	-0.001	-0.002	2.809	-0.002	-0.002	7502911	0	0	0	9647	0	0	0	1000.0
21.2	-0.001	-0.001	0.001	-0.001	0.001	2.819	-0.002	-0.002	7512444	0	0	0	21739	0	0	1	1000.0
21.3	-0.001	0.005	0.002	-0.001	-0.001	2.837	0.004	-0.001	7520385	0	0	0	46669	0	0	1	1000.0
21.4	-0.001	-0.001	-0.001	-0.002	2.835	2.849	0.002	0.0	7526272	0	0	0	1	0	0	0	1000.0
21.5	0.002	0.0	0.002	-0.001	2.86	2.865	-0.002	-0.002	7535939	0	0	0	0	0	0	1	1000.0
21.6	0.002	-0.001	-0.001	-0.002	2.871	2.881	-0.0	0.0	7541357	0	0	0	0	0	0	0	1000.0
21.7	0.0	0.002	-0.0	-0.001	2.888	2.893	0.001	-0.001	7544869	0	0	0	0	0	0	2	1000.0
21.8	0.002	-0.001	-0.001	-0.002	2.903	2.91	-0.001	0.004	7550586	0	0	0	0	0	0	0	1000.0
21.9	0.002	0.0	-0.0	-0.001	2.917	2.925	-0.001	0.001	7558420	0	0	0	0	0	0	0	1000.0
22.0	0.0	0.0	-0.0	-0.001	2.932	2.937	0.001	-0.001	7563234	0	0	0	0	0	0	0	1000.0
22.1	-0.001	-0.001	-0.001	-0.002	2.949	2.951	0.001	0.001	7569544	0	0	0	0	0	0	0	1000.0
22.2	0.0	0.0	-0.0	-0.001	2.964	2.966	0.001	0.001	7567089	0	0	0	0	0	0	0	1000.0
22.3	0.0	0.0	-0.0	-0.001	2.976	2.978	0.001	0.001	7577557	0	0	0	0	0	0	0	1000.0
22.4	0.0	0.0	-0.0	-0.001	2.991	2.995	-0.001	-0.001	7576624	0	0	0	0	0	0	1	1000.0
22.5	0.0	0.0	-0.0	-0.001	3.003	3.01	-0.001	-0.001	7582691	0	0	0	0	0	0	1	1000.0
22.6	0.002	0.0	-0.0	-0.001	3.018	3.023	0.002	0.002	7586351	0	0	0	0	0	0	1	1000.0
22.7	-0.001	-0.001	-0.001	0.0	3.032	3.044	0.001	0.001	7582334	0	0	0	0	0	0	0	1000.0
22.8	-0.001	0.002	-0.001	0.001	3.046	3.056	0.003	0.001	7585035	0	0	0	0	0	0	0	1000.0
22.9	0.0	0.002	0.002	0.001	3.061	3.071	-0.001	-0.001	7592250	0	0	0	0	0	0	0	1000.0
23.0	0.002	-0.001	-0.001	-0.002	3.076	3.086	-0.001	0.001	7586959	0	0	0	0	0	0	0	1000.0
23.1	-0.001	-0.001	0.002	-0.002	3.1	3.1	-0.001	0.001	7589029	0	0	0	0	0	0	1	1000.0
23.2	-0.001	0.002	0.002	-0.002	3.112	3.114	0.001	0.001	7591832	0	0	0	0	0	0	0	1000.0
23.3	0.002	0.002	0.002	-0.001	3.125	3.127	0.001	0.001	7593239	0	0	0	0	0	0	0	1000.0
23.4	-0.001	-0.001	-0.001	-0.002	3.142	3.144	-0.001	-0.001	7591429	0	0	0	0	0	0	0	1000.0
23.5	0.0	0.0	-0.0	-0.001	3.157	3.159	-0.001	-0.001	7586739	0	0	0	0	0	0	0	1000.0
23.6	0.002	-0.001	-0.001	-0.002	3.169	3.172	-0.0	0.002	7587426	0	0	0	0	0	0	1	1000.0
23.7	0.002	-0.001	0.002	-0.002	3.186	3.186	-0.001	0.001	7589056	0	0	0	0	0	0	2	1000.0
23.8	0.0	0.0	0.002	-0.001	3.198	3.203	0.001	0.001	7586666	0	0	0	0	0	0	0	1000.0
23.9	-0.001	-0.001	0.002	-0.002	3.215	3.222	-0.001	-0.001	7590316	0	0	0	0	0	0	0	1000.0
24.0	0.0	0.0	0.002	-0.001	3.23	3.235	-0.001	-0.001	7588844	0	0	0	0	0	0	0	1000.0
24.1	-0.001	0.002	-0.001	-0.002	3.242	3.249	-0.001	-0.001	7588114	0	0	0	0	0	0	0	1000.0
24.2	0.0	0.0	-0.0	0.001	3.259	3.264	-0.001	0.001	7585934	0	0	0	0	0	0	0	1000.0
24.3	-0.001	0.002	-0.001	-0.002	3.274	3.276	-0.001	-0.001	7586125	0	0	0	0	0	0	0	1000.0
24.4	-0.001	0.001	0.001	-0.002	3.286	3.291	-0.001	-0.001	7585437	0	0	0	0	0	0	1	1000.0
24.5	-0.001	-0.001	0.002	0.001	3.308	3.306	-0.001	0.001	7585569	0	0	0	0	0	0	1	1000.0
24.6	0.002	-0.001	-0.001	-0.002	3.32	3.318	-0.001	-0.001	7583204	0	0	0	0	0	0	0	1000.0
24.7	0.002	0.002	-0.001	-0.002	3.332	3.34	0.001	0.001	7582848	0	0	0	0	0	0	1	1000.0
24.8	0.0	0.0	-0.0	-0.001	3.354	3.354	0.001	0.001	7584399	0	0	0	0	0	0	0	1000.0
24.9	0.0	0.002	0.002	-0.001	3.367	3.371	-0.001	-0.001	7577791	0	0	0	0	0	0	0	1000.0
25.0	0.002	0.0	-0.0	-0.001	3.381	3.384	0.001	-0.001	7579313	0	0	0	0	0	0	0	1000.0
25.1	-0.001	0.002	-0.001	-0.002	3.396	3.393	-0.001	-0.001	7575502	0	0	0	0	0	0	0	1000.0
25.2	-0.001	0.002	-0.001	-0.002	3.411	3.415	-0.003	0.001	7572784	0	0	0	0	0	0	0	1000.0
25.3	-0.001	-0.001	0.002	-0.002	3.423	3.43	0.004	0.001	7572819	0	0	0	0	0	0	0	1000.0
25.4	0.0	0.0	-0.0	-0.001	3.437	3.444	0.001	0.001	7572410	0	0	0	0	0	0	1	1000.0
25.5	0.002	-0.001	-0.001	-0.002	3.451	3.454	-0.002	-0.004	7567016	0	0	0	0	0	0	1	1000.0
25.6	-0.001	-0.001	0.002	-0.002	3.466	3.473	0.001	0.001	7567913	0	0	0	0	0	0	1	1000.0
25.7	-0.001	-0.001	-0.001	-0.001	3.482	3.487	0.005	0.002	7563401	0	0	0	0	0	0	0	1000.0
25.8	0.002	-0.001	-0.001	-0.002	3.498	3.498	0.001	-0.002	7562316	0	0	0	0	0	0	0	1000.0
25.9	-0.001	-0.001	-0.001	-0.002	3.513	3.516	-0.001	-0.001	7557235	0	0	0	0	0	0	1	1000.0
26.0	-0.001	0.002	0.002	-0.002	3.526	3.533	-0.0	0.002	7559010	0	0	0	0	0	0	0	1000.0
26.1	0.0	0.002	0.002	-0.001	3.541	3.545	0.002	0.0	7555154	0	0	0	0	0	0	0	1000.0
26.2	0.003	-0.001	0.001	0.0	3.557	3.562	-0.001	-0.001	7549521	0	0	0	0	0	0	0	1000.0
26.3	-0.001	0.002	-0.001	-0.002	3.569	3.574	-0.001	-0.001	7545743	0	0	0	0	0	0	0	1000.0
26.4	0.002	-0.001	0.002	-0.002	3.586	3.591	-0.001	0.001	7545372	0	0	0	0	0	0	0	1000.0
26.5	0.0	0.0	-0.0	-0.001	3.601	3.603	-0.001	-0.001	7542556	0	0	0	0	0	0	1	1000.0
26.6	-0.001	-0.001	-0.001	0.001	3.616	3.616	-0.003	0.001	7534730	0	0	0	0	0	0	0	1000.0
26.7	0.002	-0.001	0.002	-0.002	3.63	3.635	-0.001	-0.001	7531199	0	0	0	0	0	0	0	1000.0
26.8	0.002	0.002	0.002	-0.002	3.645	3.652	-0.001	0.001	7533011	0	0	0	0	0	0	0	1000.0
26.9	0.002	0.0	-0.0	-0.001	3.66	3.664	0.001	0.001	7525360	0	0	0	0	0	0	0	1000.0
27.0	0.002	0.0	0.002	-0.001	3.672	3.679	0.001	0.001	7529696	0	0	0	0	0	0	0	1000.0
27.1	0.002	-0.001	-0.001	-0.002	3.69	3.697	0.003	-0.002	7528676	0	0	0	0	0	0	0	1000.0
27.2	-0.001	-0.001	-0.001	-0.002	3.702	3.712	-0.0	0.0	7519130	0	0	0	0	0	0	0	1000.0
27.3	0.002	-0.001	0.002	0.001	3.718	3.726	-0.001	-0.001	7522084	0	0	0	0	0	0	0	1000.0
27.4	0.004	0.002	0.002	0.001	3.735	3.743	0.001	-0.001	7516528	0	0	0	0	0	0	0	1000.0
27.5	0.002	-0.001	-0.001	-0.002	3.752	3.755	0.001	0.001	7516020	0	0	0	0	0	0	0	1000.0
27.6	0.0	0.0	-0.0	-0.001	3.762	3.769	-0.002	-0.002	7517696	0	0	0	0	0	0	0	1000.0
27.7	0.0	0.0	0.002	-0.001	3.776	3.784	0.001	-0.002	7509224	0	0	0	0	0	0	1	1000.0
27.8	-0.001	0.002	-0.001	-0.002	3.791	3.796	-0.002	0.001	7505578	0	0	0	0	0	0	0	1000.0
27.9	-0.001	0.002	-0.001	-0.002	3.809	3.813	-0.001	-0.001	7503448	0	0	0	0	0	0	0	1000.0
28.0	0.0	0.0	-0.0	-0.001	3.821	3.828	0.001	0.001	7500263	1	0	0	0	0	0	0	1000.0
28.1	0.0	0.0	0.002	0.001	3.835	3.843	0.001	-0.001	7502984	0	0	0	0	0	0	0	1000.0
28.2	3.748	0.002	-0.001	-0.002	3.851	3.856	0.002	0.0	1	0	0	0	0	0	0	0	1000.0
28.3	3.763	0.0	-0.0	-0.001	3.865	3.87	0.001	-0.001	0	0	0	0	0	0	0	0	1000.0
28.4	3.782	-0.001	-0.001	-0.002	3.879	3.884	0.001	-0.002	0	0	0	0	0	0	0	0	1000.0
28.5	3.797	0.0	-0.0	-0.001	3.898	3.898	0.001	-0.002	0	0	0	0	0	0	0	0	1000.0
28.6	3.814	-0.001	-0.001	-0.002	3.911	3.916	-0.001	-0.001	0	0	0	0	0	0	0	0	1000.0
28.7	3.826	-0.001	0.002	0.001	3.923	3.928	0.001	-0.001	0	0	0	0	0	0	0	0	1000.0
28.8	3.844	0.0	-0.0	-0.001	3.94	3.94	0.001	-0.002	0	0	0	0	0	0	0	1	1000.0
28.9	3.858	0.002	-0.001	-0.002	3.96	3.96	-0.001	0.001	0	0	0	0	0	0	0	0	1000.0
29.0	3.87	0.0	0.002	-0.001	3.973	3.98	0.002	0.0	0	0	0	0	0	0	0	0	1000.0
29.1	3.887	-0.001	-0.001	-0.002	3.987	3.992	0.001	0.001	0	0	0	0	0	0	0	0	1000.0
29.2	3.899	-0.001	-0.001	0.001	4.001	4.009	-0.001	-0.001	0	0	0	0	0	0	0	0	1000.0
29.3	3.914	-0.001	-0.001	0.001	4.015	4.022	-0.0	-0.002	0	0	0	0	0	0	0	0	1000.0
29.4	3.928	-0.001	-0.001	-0.002	4.031	4.036	0.001	0.001	0	0	0	0	0	0	0	0	1000.0
29.5	3.944	0.002	0.002	-0.001	4.046	4.053	-0.0	0.002	0	0	0	0	0	0	0	0	1000.0
29.6	3.956	0.0	-0.0	-0.001	4.06	4.065	0.001	0.001	0	0	0	0	0	0	0	0	1000.0
29.7	3.972	0.002	0.002	0.001	4.072	4.08	0.001	-0.001	0	0	0	0	0	0	0	0	1000.0
29.8	3.988	0.0	0.002	-0.001	4.09	4.092	0.002	0.0	0	0	0	0	0	0	0	0	1000.0
29.9	4.005	0.0	0.002	0.001	4.102	4.107	0.001	-0.001	0	0	0	0	0	0	0	1	1000.0
30.0	4.019	-0.001	-0.001	-0.002	4.116	4.121	-0.001	-0.001	0	0	0	0	0	0	0	1	1000.0
30.1	4.034	0.002	-0.0	-0.001	4.131	4.138	0.001	-0.003	0	0	0	0	0	0	0	0	1000.0
30.2	4.049	0.0	-0.0	-0.001	4.145	4.152	-0.002	-0.002	0	0	0	0	0	0	0	0	1000.0
30.3	4.063	-0.001	-0.001	-0.002	4.16	4.168	-0.001	0.001	0	0	0	0	0	0	0	0	1000.0
30.4	4.08	0.002	0.002	-0.002	4.174	4.182	-0.002	-0.002	0	0	0	0	0	0	0	0	1000.0
30.5	4.096	0.001	-0.001	-0.002	4.19	4.197	0.002	0.002	0	0	0	0	0	0	0	0	1000.0
30.6	4.107	-0.001	0.002	-0.002	4.202	4.212	0.001	-0.001	0	0	0	0	0	0	0	0	1000.0
30.7	4.124	-0.001	0.002	-0.002	4.227	4.224	-0.0	0.002	0	0	0	0	0	0	0	0	1000.0
30.8	4.141	-0.001	0.002	-0.002	4.238	4.238	-0.002	-0.002	0	0	0	0	0	0	0	1	1000.0
30.9	4.151	0.002	-0.001	-0.002	4.255	4.253	-0.001	-0.001	0	0	0	0	0	0	0	1	1000.0
31.0	4.165	-0.001	-0.001	0.001	4.268	4.273	-0.0	0.0	0	0	0	0	0	0	0	1	1000.0
31.1	4.182	0.002	-0.001	0.001	4.283	4.285	-0.0	0.0	0	0	0	0	0	0	0	0	1000.0
31.2	4.197	-0.001	-0.001	0.001	4.297	4.299	0.001	-0.001	0	0	1	0	0	0	0	0	1000.0
31.3	4.212	0.0	0.002	0.001	4.309	4.314	0.001	-0.001	0	0	0	0	0	0	0	0	1000.0
31.4	4.226	0.002	-0.001	-0.002	4.326	4.331	-0.001	0.001	0	0	0	0	0	0	0	0	1000.0
31.5	4.239	0.0	0.002	0.001	4.338	4.348	0.001	0.001	0	0	4	1	0	0	0	0	1000.0
31.6	4.254	-0.001	0.002	-0.001	4.356	4.363	-0.001	0.001	0	0	3	1	0	0	0	0	1000.0
31.7	4.27	-0.001	-0.001	-0.002	4.373	4.375	-0.001	-0.001	0	0	10	0	0	0	1	0	1000.0
31.8	4.285	-0.001	-0.001	-0.002	4.385	4.392	0.001	0.001	0	0	24	0	0	0	0	0	1000.0
31.9	4.301	-0.001	-0.001	-0.002	4.4	4.407	0.001	0.001	0	0	65	0	0	0	0	0	1000.0
32.0	4.32	0.002	0.002	-0.001	4.415	4.418	-0.002	0.0	0	0	161	0	0	0	0	1	1000.0
32.1	4.334	-0.001	0.002	0.001	4.431	4.434	0.001	-0.001	0	0	323	0	0	0	0	0	1000.0
32.2	4.344	0.002	-0.0	0.001	4.446	4.451	-0.001	-0.001	0	0	776	0	0	0	0	0	1000.0
32.3	4.361	0.002	0.002	-0.001	4.461	4.463	-0.001	0.001	0	0	2133	0	0	0	0	0	1000.0
32.4	4.373	0.002	-0.001	-0.002	4.476	4.478	-0.0	0.0	0	1	5284	0	0	0	0	0	1000.0
32.5	4.391	0.0	4.371	-0.001	4.487	4.492	0.001	0.001	0	0	1	0	0	0	0	1	1000.0
32.6	4.405	0.002	4.388	-0.001	4.502	4.507	0.001	0.001	0	0	0	0	0	0	0	0	1000.0
32.7	4.419	-0.001	4.402	-0.002	4.517	4.522	0.001	0.001	0	0	0	0	0	0	0	0	1000.0
32.8	4.434	-0.001	4.414	-0.002	4.531	4.536	-0.001	-0.001	0	0	0	0	0	0	0	0	1000.0
32.9	4.446	0.002	4.429	0.001	4.544	4.551	-0.003	-0.001	0	0	0	2	0	0	0	0	1000.0
33.0	4.464	0.002	4.447	-0.001	4.565	4.563	-0.002	-0.002	0	0	0	0	0	0	1	1	1000.0
33.1	4.478	0.005	4.461	0.001	4.575	4.575	-0.001	-0.001	0	0	0	0	0	0	0	0	1000.0
33.2	4.493	0.0	4.474	0.001	4.593	4.598	0.002	0.002	0	0	0	0	0	0	0	1	1000.0
33.3	4.507	-0.001	4.49	-0.002	4.607	4.61	0.001	-0.001	0	0	0	0	0	0	0	0	1000.0
33.4	4.522	-0.001	4.505	0.001	4.624	4.629	-0.001	-0.001	0	0	0	0	0	0	0	0	1000.0
33.5	4.537	0.0	4.518	0.001	4.639	4.644	0.002	0.0	0	1	0	0	0	0	0	1	1000.0
33.6	4.551	-0.001	4.534	-0.002	4.654	4.657	0.002	0.002	0	3	0	0	0	0	1	1	1000.0
33.7	4.567	0.0	4.545	0.002	4.666	4.673	-0.001	-0.001	0	4	0	0	0	0	0	0	1000.0
33.8	4.583	0.0	4.559	-0.001	4.683	4.685	0.001	-0.001	0	7	0	0	0	0	2	1	1000.0
33.9	4.598	0.0	4.574	-0.001	4.695	4.7	0.001	-0.001	0	14	0	2	0	0	5	3	1000.0
34.0	4.612	-0.001	4.588	-0.002	4.71	4.715	-0.003	-0.001	0	47	0	2	0	0	10	4	1000.0
34.1	4.625	0.002	4.603	0.001	4.722	4.73	-0.0	0.0	0	61	0	0	0	0	16	8	1000.0
34.2	4.638	-0.001	4.616	0.0	4.739	4.744	0.001	-0.001	0	135	0	0	0	0	70	12	1000.0
34.3	4.654	-0.001	4.639	-0.002	4.754	4.759	-0.001	-0.001	0	373	0	0	0	0	243	50	1000.0
34.4	4.674	0.002	4.649	-0.001	4.771	4.771	0.001	0.001	0	763	0	4	0	0	651	84	1000.0
34.5	4.688	-0.001	4.666	-0.002	4.782	4.787	0.001	0.001	0	1849	0	5	0	0	1605	205	1000.0
34.6	4.701	0.0	4.681	-0.001	4.8	4.802	-0.001	0.001	0	4644	0	4	0	0	5075	505	1000.0
34.7	4.715	4.698	4.693	-0.002	4.815	4.818	4.691	0.0	0	253	0	10	0	0	1	670	1000.0
34.8	4.73	4.71	4.708	-0.001	4.829	4.829	4.707	-0.003	0	0	0	21	0	0	0	1402	1000.0
34.9	4.747	4.725	4.723	-0.001	4.844	4.844	4.722	-0.001	0	0	0	17	0	0	0	2564	1000.0
35.0	4.762	4.74	4.737	-0.001	4.859	4.859	4.734	0.001	0	0	0	51	0	0	0	5468	1000.0
